topic0|-0.12789484055753794|0.0048990260402601024|0.0016568014758151055
topic1|-1.4130584931355739|0.004715423045620567|0.0030344697691727356
topic2|-1.5763448736691512|0.0072666624559386255|0.004267022789658693
topic3|0.31105618115842526|0.017193274132451274|0.004134471596945193
topic4|-0.015657767820231608|0.0083487411850307|0.0038351565308062095
topic5|-0.7265571443237628|0.006943346222840984|0.0044225727055609955
topic6|-0.9485402562427169|0.006789765321037917|0.004313815261728885
topic7|-1.5775782191786576|0.004129529545511427|0.001341637408807761
topic8|0.219359355018789|0.007911345204185734|0.006189952314706649
topic9|-2.0833520717357272|0.007843148091178259|0.0061288637043080425
topic10|1.767275225405539|0.008740924719737645|0.005535891496725319
topic11|0.31016098699136396|0.009052904846319196|0.00492182104734295
topic12|0.4243100509350737|0.00693931805308089|0.0033100730064238634
topic13|-0.6402180223341274|0.009326268499314387|0.002908408292175365
topic14|0.1268793548280408|0.006307857838113696|0.004522716671447995
topic15|0.9258956736188522|0.005883194132903193|0.0027039847109198096
topic16|-0.19146899757921854|0.00967030427571686|0.004491000978919633
topic17|-0.7996481476609304|0.008317736521365264|0.005910816723732622
topic18|0.25994654820493923|0.005422408244397822|0.004133893398119484
topic19|0.5860758708633402|0.007153081375085226|0.005410807835671149
topic20|3.0632704023815274|0.006739733018216133|0.005559949333627634
topic21|-0.10524047805133845|0.00519066278141138|0.002164556423322236
topic22|-0.08944598287448174|0.00802353149324569|0.006239430288448452
topic23|-0.06861608109442241|0.006395697197827986|0.004120234761485853
topic24|-0.6067857478929135|0.010386445323170242|0.006806168873072558
topic25|1.613642753430256|0.0067895862250404605|0.0052758008648154855
topic26|0.4184301997494091|0.005149261985422674|0.002669972902307658
topic27|-0.08315032324584073|0.006536276153953577|0.005537153798530954
topic28|-1.147550774999119|0.0064174036971545514|0.005262928484037901
topic29|1.5769378175230175|0.007800308335067147|0.004408041764627112
topic30|1.1930930891574332|0.006462673996162706|0.004476424394287573
topic31|-0.4549015430753682|0.004159219943841585|0.002876676450198771
topic32|-1.0804424210886554|0.005107335047683312|0.0027207326981972717
topic33|0.3763175650976168|0.005219909691499933|0.0038231561302477994
topic34|2.3972525047928017|0.0062148994472433165|0.004433977536208808
topic35|-1.232608509034988|0.008630832024083396|0.00497912222510286
topic36|1.8424995338413757|0.006652780401225398|0.00452181117374263
topic37|-0.71365211351062|0.0074140738779573286|0.004490159925795508
topic38|-0.3065803525642531|0.00614250425199569|0.003543597339943715
topic39|2.550491016514223|0.007167372120998219|0.004501985631290656
topic40|-2.501447978182736|0.007301203833491512|0.005115724891209414
topic41|-0.6863007617602159|0.0053366146711218585|0.002391409815928298
topic42|0.3662022667879673|0.007112866195556367|0.004061253351483106
topic43|-0.8463598144584918|0.005940573416748488|0.003920045381738615
topic44|2.0083047571260773|0.0065190882063355295|0.004849635652137491
topic45|0.14211560038643772|0.005056476300494176|0.003662131025215166
topic46|0.03126774089994924|0.0070637708285630225|0.004475951409710642
topic47|0.3762748704894278|0.005838446460579087|0.004636528507373689
topic48|-0.49083147429949464|0.007756693978611439|0.0023763214209177198
topic49|0.0503742511624763|0.004105509847106613|0.0024850491060605627
topic50|0.4356273824883828|0.0050140110136976095|0.0040377489322611215
topic51|0.5925734067711684|0.0053925601354433556|0.003486759147742749
topic52|0.16063443055751161|0.005644218023604556|0.0036352658358743527
topic53|1.3193194425494699|0.004386641636674064|0.0029148293672582658
topic54|0.6876279913338329|0.004399543115883017|0.002912670006214953
topic55|0.40874167813297413|0.008964369110428173|0.004733431129722159
topic56|1.0369764746490042|0.008829210757313669|0.0032452227098378936
topic57|0.9544899308503447|0.00839974150243933|0.005613589662529384
topic58|-0.005128648135835423|0.007278952819652003|0.0032879146071348483
topic59|-1.0161524592853022|0.006154522233959678|0.003392839475548752
topic60|-1.1064440978329884|0.00853041370333878|0.0066575015681804295
topic61|-0.19987658555761656|0.0066660002172660455|0.0021299394332386953
topic62|0.04962186747133861|0.005926628774888097|0.003711094790676525
topic63|1.595586025066242|0.007831905166919128|0.006482827126255116
topic64|-1.6725410711532946|0.0064223855414308455|0.005051763068887846
topic65|-0.5532255074433943|0.004989960210302524|0.004235067240513984
topic66|2.097314331426197|0.004649770066816073|0.0015436854605293002
topic67|0.00512998690265111|0.005192766243998147|0.004047756230245714
topic68|0.6079793215274485|0.005650220150215304|0.0022783489699204273
topic69|0.20632319942527558|0.005649918017703428|0.0037401319139281266
topic70|1.7160393093274036|0.005471993483936737|0.00453416820881435
topic71|-0.7590839017180482|0.006806570255091848|0.004994628691167204
topic72|0.8483637785592555|0.006877140056378785|0.004781545909844705
topic73|0.275678870905433|0.004789780624567815|0.0031745124556084576
topic74|1.3846447893733036|0.00652399150737192|0.0059843156834434984
topic75|-3.2291007838837036|0.006378738185399646|0.0029328247206005962
topic76|0.3577172862000693|0.008560536665486243|0.004431635374800961
topic77|0.3549947401019159|0.009154641390486848|0.0052655490580422
topic78|1.5245512042711356|0.0054163958711308325|0.004310896181961972
topic79|1.4967181851410343|0.003863137824571598|0.001906602089252941
topic80|-1.4199862561528989|0.008205914451232978|0.006059872398540319
topic81|1.016782741320867|0.004747370457298744|0.0027249370474900624
topic82|-0.40346877201055603|0.007213187282492669|0.006191546745394776
topic83|0.4680010473158503|0.0050597316261971085|0.002945892282269592
topic84|0.7332969818571741|0.007192906400651269|0.004561936337465952
topic85|0.7841559462649041|0.00590987123162558|0.0025756125833853332
topic86|-0.7903512233879254|0.0046996542620321635|0.003134331935761175
topic87|0.9536219362737863|0.01056910719988059|0.003963383837838211
topic88|0.2724998197572606|0.004722173838280472|0.0024787363684311142
topic89|-1.9354503080358616|0.0073331812281749766|0.005624914044353781
topic90|0.040191250804013375|0.013563863122336898|0.004578998148767851
topic91|0.03368502837833077|0.005169293119493958|0.004261802611029868
topic92|1.166627994306337|0.007910248979435826|0.005174406727566306
topic93|-0.08084249588321879|0.0061356534725530544|0.0027855142735485647
topic94|0.5529240950169232|0.00825377422408902|0.0030129918897061204
topic95|-0.6298075570838876|0.005039527737861186|0.003822469926731654
topic96|0.3631657715874242|0.004515470963169156|0.002546559460981007
topic97|1.2036777368845357|0.008224861463845079|0.005543416113152234
topic98|-0.9366408280522418|0.008344075559122838|0.00540821151610968
topic99|1.9701429313979115|0.006341930620534086|0.00523114808159408
topic100|-0.2950743241445029|0.005772731556420419|0.0037780841392836884
topic101|-2.451121724401629|0.006580986988798404|0.00540697245093273
topic102|-0.7432402359439685|0.005779177015307697|0.004329795213468235
topic103|0.8697081158612264|0.006040817789663172|0.003857045409359636
topic104|0.5321545351678905|0.0057415726018312145|0.0043262542090179434
topic105|0.04203553727780139|0.010470114464800478|0.004327540549484635
topic106|1.8664931861776586|0.004632654962369465|0.0035281523546111834
topic107|0.27718337826484196|0.006643120054512887|0.0030578731961247467
topic108|-0.8194542705440379|0.004678375313585271|0.003407346850884515
topic109|-5.474630579680892|0.0059744114099442025|0.004533059947161356
topic110|0.9642912765466214|0.008215528216217573|0.00506261016050137
topic111|-0.006844635976038225|0.008475242386636318|0.004068817171647163
topic112|-1.5441387728105413|0.005386643264924779|0.00236656929884068
topic113|-0.3571652453405469|0.005525907050022025|0.002083101129690725
topic114|-0.9210598956295851|0.0063172348064046814|0.004429459192961291
topic115|0.20731618188483597|0.005062160517689016|0.003138463295116117
topic116|-0.4296086418095466|0.006595635695398387|0.004113596733856119
topic117|-0.29426101428702256|0.005193072058317138|0.003413552598831376
topic118|-0.05735183004952138|0.00870205767495457|0.005384627127449321
topic119|-0.05679442061759256|0.00796967187037491|0.004312144084902479
topic120|0.2846797553768999|0.006749570340114751|0.005385593542483513
topic121|0.194118231146826|0.006833927288232569|0.0047566830228294695
topic122|-0.46487780889663227|0.008582282700814377|0.005589652647515708
topic123|-0.04497496316029411|0.009543960936624657|0.0037187297489015875
topic124|1.5113048353239158|0.007824120089857287|0.004457726594596424
topic125|1.0611346451088601|0.007978522499244894|0.00612930031263424
topic126|-0.6870182306705034|0.00517753508241077|0.004099512120824509
topic127|0.10782022971977641|0.00909418052389102|0.00381196358138325
topic128|-1.1925001583716544|0.004497431104930532|0.0022014503434635868
topic129|-1.4975625676773798|0.0054045322359941705|0.004026354187575556
topic130|-1.1805984594356334|0.005563182619323854|0.004050048560828799
topic131|2.3733287556103524|0.008478691026197114|0.006897574149574478
topic132|0.15125019042025636|0.009697711659192268|0.008030998199429092
topic133|-0.130239277118844|0.004295822744829235|0.0020401822244816995
topic134|-0.19381850595459854|0.007261167705110982|0.0043063595034588485
topic135|-0.021631715344488052|0.0057672006203801736|0.003491343637449395
topic136|-0.6740318010969216|0.0035708078979776003|0.0023479226383897917
topic137|-0.7209830758326901|0.00419810744702722|0.00222254126792003
topic138|0.7320901642994935|0.004871539047237508|0.002568754190505196
topic139|0.1640838816988924|0.0048243901646596145|0.0023519507639364837
topic140|-0.32180394375422366|0.004176935612271659|0.003206235942017171
topic141|-1.736414547653205|0.004416342217113979|0.0033553703220352347
topic142|-2.3307703554639203|0.00538630626917057|0.0029695331542249825
topic143|-1.3553846879680527|0.00590431617031794|0.0035961019751760645
topic144|-1.5497798469654809|0.004590394995709475|0.0025912068736664356
topic145|0.32818620173032115|0.007124799178775634|0.005972466475568817
topic146|0.47673394127024954|0.00800070825427688|0.003064977406401539
topic147|1.424013247214438|0.008655629399229495|0.005372821225481144
topic148|-0.31926254738487175|0.006637546965848478|0.005442731901659942
topic149|1.182892626339159|0.008680749456471461|0.004921774639427987
