ARG1000032.txt|-0.695735506|0.008951113956447125|0.008951113956447125
AUS1001821.txt|-0.760242792|0.23122356256709076|0.23122356256709076
AUS1002228.txt|1.092857143|-0.017747012466368624|0.017747012466368624
AUS1002318.txt|-0.438384679|0.05241585184042198|0.05241585184042198
AUS1002727.txt|0.399350649|0.06876354765852706|0.06876354765852706
AUS1002732.txt|-0.136363636|-0.009506609021266588|0.009506609021266588
AUS1003559.txt|0.111111111|0.05368186670020007|0.05368186670020007
AUS1003776.txt|-1.058823529|-0.007035348285718949|0.007035348285718949
AUS1004288.txt|-0.836461126|0.14355393820761503|0.14355393820761503
AUS1005381.txt|-1.080225989|-0.18285285207454516|0.18285285207454516
AUS1005441.txt|-0.427374302|0.23974420859678783|0.23974420859678783
AUS1005546.txt|0.533333333|0.11432561487690601|0.11432561487690601
AUS1006066.txt|0.869565217|0.09376669802133111|0.09376669802133111
AUS1006547.txt|-0.246835443|0.052968130402227157|0.052968130402227157
AUS1006654.txt|0.273561461|0.07389978544074635|0.07389978544074635
AUS1007311.txt|0.788643533|0.2941366710398503|0.2941366710398503
AUS1007808.txt|0.0|0.07442129730453456|0.07442129730453456
AUS1007997.txt|-0.394477318|0.0033894579422759988|0.0033894579422759988
AUS1008478.txt|0.158955224|0.07726023395291734|0.07726023395291734
AUS1008773.txt|-1.110093743|0.09160740998216069|0.09160740998216069
AUS1008932.txt|-1.358974359|-0.1318206538856027|0.1318206538856027
AUS1008946.txt|-0.698412698|0.1068909898318659|0.1068909898318659
AUS1009123.txt|-0.224343675|0.1003914692041334|0.1003914692041334
AUS1009542.txt|-0.793650794|-0.0938597777102426|0.0938597777102426
AUS1009671.txt|-0.062071918|0.18993681174906382|0.18993681174906382
AUS1010373.txt|0.503731343|0.06908265442652214|0.06908265442652214
AUS1010765.txt|0.056847545|-0.20203068245686875|0.20203068245686875
AUS1010775.txt|-0.780141844|-0.14432657868607005|0.14432657868607005
AUS1011059.txt|1.473568282|-0.05080705463208772|0.05080705463208772
AUS1011073.txt|-1.060606061|0.08486243047802311|0.08486243047802311
AUS1011314.txt|-1.5|0.20434585090645102|0.20434585090645102
AUS1011329.txt|0.576923077|0.08044371998026985|0.08044371998026985
AUS1011333.txt|-0.086185044|0.12928449991219185|0.12928449991219185
AUS1011564.txt|1.627906977|0.045835889356008686|0.045835889356008686
AUS1011933.txt|0.037112469|0.28155444683345865|0.28155444683345865
AUS1012303.txt|-0.148148148|0.0793566169712198|0.0793566169712198
AUS1012549.txt|-1.52|-0.15595509764272758|0.15595509764272758
AUS1012570.txt|-0.25|-0.10419152220261807|0.10419152220261807
AUS1012879.txt|1.078823529|0.04408177804924114|0.04408177804924114
AUS1013145.txt|-1.400651466|0.14192754597514862|0.14192754597514862
AUS1013670.txt|-1.545986178|0.18085857322091806|0.18085857322091806
AUS1014028.txt|0.219607843|0.18199303777505169|0.18199303777505169
AUS1014719.txt|1.304659498|0.06462040615271172|0.06462040615271172
AUS1015021.txt|1.277260886|0.17535057812285595|0.17535057812285595
AUS1015299.txt|0.844700944|0.19246468915132492|0.19246468915132492
AUS1015425.txt|-1.023673469|0.19662073295910537|0.19662073295910537
AUS1015473.txt|0.77960691|0.11292792526090221|0.11292792526090221
AUS1015823.txt|-1.223622047|0.07055526456819695|0.07055526456819695
AUS1016272.txt|0.340105342|0.18252170983644483|0.18252170983644483
AUS1016492.txt|0.654893304|0.07891383940668362|0.07891383940668362
AUS1016499.txt|-0.374269006|0.05984305237041854|0.05984305237041854
AUS1016730.txt|-0.637951663|0.10830158875164587|0.10830158875164587
AUS1016832.txt|-0.613515116|0.06500799427850994|0.06500799427850994
AUS1017456.txt|-0.80969697|0.06540432226350948|0.06540432226350948
AUS1017531.txt|-1.111111111|0.013291790729196682|0.013291790729196682
AUS1017576.txt|1.149517685|0.06109895142950316|0.06109895142950316
AUS1017634.txt|-1.377997914|0.10034268712965178|0.10034268712965178
AUS1017757.txt|-0.746987952|0.026915667524830572|0.026915667524830572
AUS1017882.txt|0.044720497|0.14870332193695837|0.14870332193695837
AUS1018053.txt|-0.181582361|0.10854438021259202|0.10854438021259202
AUS1018054.txt|-0.968393782|0.07695637738999661|0.07695637738999661
AUS1018182.txt|-0.7453125|0.05847303275792614|0.05847303275792614
AUS1018366.txt|0.042328042|0.19173079231809334|0.19173079231809334
AUS1018477.txt|-0.672941176|0.10320656528536781|0.10320656528536781
AUS1018771.txt|-0.780517879|0.185749652123308|0.185749652123308
AUS1018782.txt|1.338235294|-0.02419004855758282|0.02419004855758282
AUS1019327.txt|0.080912215|0.061066522430260076|0.061066522430260076
AUS1019413.txt|1.634070796|0.04303395854847426|0.04303395854847426
AUS1019429.txt|0.433497537|0.05640418658293818|0.05640418658293818
AUS1019594.txt|-0.004408051|0.08514571578649721|0.08514571578649721
AUS1019622.txt|0.225501114|0.0430686187010941|0.0430686187010941
AUS1019643.txt|0.231555051|0.09284587642528458|0.09284587642528458
AUS1019660.txt|0.038345044|-0.006708368226639642|0.006708368226639642
AUS1019687.txt|0.347780127|0.007168318514362549|0.007168318514362549
AUS1019851.txt|-0.16875|0.12525873519234662|0.12525873519234662
AUS1020110.txt|0.016908213|-0.029486785443007785|0.029486785443007785
AUS1020194.txt|-0.912162162|0.07109876451456787|0.07109876451456787
AUS1020210.txt|-0.397660819|0.0067797741572254225|0.0067797741572254225
AUS1020306.txt|-0.44022519|0.15495069522378102|0.15495069522378102
AUS1020330.txt|0.28|0.03991435910564891|0.03991435910564891
AUS1020332.txt|-0.138157895|0.1031597161025563|0.1031597161025563
AUS1020456.txt|-0.218120805|0.03234283522812365|0.03234283522812365
AUS1020534.txt|0.118042314|0.08528225753917457|0.08528225753917457
AUS1020557.txt|0.624248497|0.07473753899586644|0.07473753899586644
AUS1020597.txt|-0.783065513|0.025144739916997744|0.025144739916997744
AUS1020601.txt|0.88|-0.021839059289056308|0.021839059289056308
BEL1000030.txt|1.823788546|0.08813928909164019|0.08813928909164019
BEL1000075.txt|-0.171428571|0.09141488629891244|0.09141488629891244
BEL1000108.txt|-0.095231663|0.061817293304068495|0.061817293304068495
BEL1000111.txt|0.691588785|0.06199574312665773|0.06199574312665773
BEL1000138.txt|0.504420085|0.1597245757677496|0.1597245757677496
BEL1000213.txt|-0.480781759|0.029176257054762|0.029176257054762
BEL1000293.txt|1.039846375|0.11954397445110612|0.11954397445110612
BEL1000331.txt|1.02055094|0.02574628558018316|0.02574628558018316
BEL1000348.txt|0.947406778|0.15877971384080486|0.15877971384080486
BEL1000382.txt|1.881385327|0.046259197712556495|0.046259197712556495
BEL1000462.txt|1.064339698|-0.01967138466112857|0.01967138466112857
BEL1000491.txt|-0.135850991|0.026952165254600778|0.026952165254600778
BEL1000510.txt|-1.595821462|0.022692707926644462|0.022692707926644462
BEL1000522.txt|-1.535981125|0.16297609698746238|0.16297609698746238
BEL1000537.txt|-0.164674452|0.05293973667070779|0.05293973667070779
BEL1000591.txt|0.250888099|0.09563756954669236|0.09563756954669236
BEL1000697.txt|-0.272812111|0.13248173607426408|0.13248173607426408
BEL1000714.txt|-0.3|0.14005737264141455|0.14005737264141455
BEL1000753.txt|-1.389389389|0.09277395702764904|0.09277395702764904
BEL1000791.txt|-1.357599731|0.1143037686144392|0.1143037686144392
BEL1000850.txt|0.183066362|0.1974245531232631|0.1974245531232631
BEL1000908.txt|-0.656499556|0.12571655155508013|0.12571655155508013
BEL1000969.txt|-0.998732573|0.13888312315476606|0.13888312315476606
BEL1001023.txt|0.87512054|0.16451150149671284|0.16451150149671284
BEL1001281.txt|1.5|0.020278864261100867|0.020278864261100867
BEL1001336.txt|0.185761958|0.19220584346088554|0.19220584346088554
BRA1000709.txt|-1.958993476|-0.016792772404897342|0.016792772404897342
BRA1000868.txt|1.648178138|0.07617350539315927|0.07617350539315927
CAN1001532.txt|2.0|0.018404741084429847|0.018404741084429847
CAN1003070.txt|-0.3|-0.06697236704102542|0.06697236704102542
CAN1008393.txt|1.800995025|0.14392636011539295|0.14392636011539295
CAN1009326.txt|0.857142857|0.034988654054344044|0.034988654054344044
CAN1009936.txt|-1.846153846|0.036601831925636756|0.036601831925636756
CAN1010535.txt|-1.240768095|-0.05734473422494406|0.05734473422494406
CAN1010719.txt|0.014363885|-0.15040603652555815|0.15040603652555815
CAN1010952.txt|0.065268987|0.010270310107424173|0.010270310107424173
CAN1011119.txt|0.0|-0.0032740382038532207|0.0032740382038532207
CAN1012211.txt|1.6|0.007683345296834329|0.007683345296834329
CAN1013719.txt|-0.888888889|-0.04447153351379383|0.04447153351379383
CAN1014984.txt|1.476407915|-0.013278476119023642|0.013278476119023642
CAN1017687.txt|-1.25|-0.24390260082499082|0.24390260082499082
CAN1017751.txt|-1.683825964|0.011271683738624316|0.011271683738624316
CAN1018196.txt|0.0|-0.05786057562070946|0.05786057562070946
CAN1018978.txt|1.212249094|-0.06146678761243808|0.06146678761243808
CAN1019652.txt|2.029411765|-0.11640990253313467|0.11640990253313467
CAN1019878.txt|-2.0|-0.17004502167738192|0.17004502167738192
CAN1020150.txt|-0.967741935|-0.24475250320897404|0.24475250320897404
CAN1020232.txt|-0.797601199|-0.0890424124079901|0.0890424124079901
CAN1020391.txt|-0.335135135|0.07902446420894403|0.07902446420894403
CAN1020870.txt|-0.385134362|-0.050203159379249365|0.050203159379249365
CAN1020963.txt|-0.01971831|-0.18201622998705058|0.18201622998705058
CAN1021212.txt|0.947368421|-0.2255872360124838|0.2255872360124838
CAN1021982.txt|0.517241379|-0.10186352659885832|0.10186352659885832
CAN1022727.txt|-1.155672823|0.09794773606099218|0.09794773606099218
CAN1022942.txt|0.27027027|0.0288902625020103|0.0288902625020103
CAN1023550.txt|-0.107279693|-0.07654577403675979|0.07654577403675979
CAN1024466.txt|0.0|0.07596321564295636|0.07596321564295636
CAN1025993.txt|0.942211055|-0.025249770374309838|0.025249770374309838
CAN1027222.txt|-0.206896552|-0.12064099245357207|0.12064099245357207
CAN1029165.txt|0.136363636|-0.16541946480045577|0.16541946480045577
CAN1029580.txt|-1.111111111|-0.013015143999753911|0.013015143999753911
CAN1029896.txt|0.75|0.07159816051553612|0.07159816051553612
CAN1031000.txt|-0.016452074|-0.40159684049228656|0.40159684049228656
CAN1034377.txt|2.0|-0.030769698419229708|0.030769698419229708
CAN1034806.txt|-1.178571429|-0.1122326392653584|0.1122326392653584
CAN1034982.txt|-0.727272727|0.07516287470742822|0.07516287470742822
CAN1035086.txt|-1.555555556|-0.051968994418454026|0.051968994418454026
CAN1035279.txt|-8.67e-18|-0.19208148690066984|0.19208148690066984
CAN1036116.txt|0.0|0.012103271374668122|0.012103271374668122
CAN1037903.txt|-2.0|-0.10855917518432763|0.10855917518432763
CAN1038135.txt|0.08988764|-0.07283006245420252|0.07283006245420252
CAN1038175.txt|-1.161290323|-0.09952603853945988|0.09952603853945988
CHE1000060.txt|0.215210356|0.031622731344920836|0.031622731344920836
CHE1000111.txt|-0.201382332|0.021060159477159276|0.021060159477159276
CHE1000165.txt|0.125101543|0.12579574400181115|0.12579574400181115
CHE1000355.txt|-0.75862069|0.1253044178979618|0.1253044178979618
CHE1000433.txt|-1.328055077|0.10339952326381349|0.10339952326381349
CHE1000490.txt|-4.147311828|0.03465342899890303|0.03465342899890303
CHE1000734.txt|-3.958455523|0.04464625661781539|0.04464625661781539
CHE1001055.txt|-0.855040471|0.044799448041356014|0.044799448041356014
CHE1001184.txt|1.1925023|0.0059888812268800076|0.0059888812268800076
CHE1001327.txt|1.400346406|0.024738436447270497|0.024738436447270497
CHE1001577.txt|-0.836884154|0.12277027356610538|0.12277027356610538
CHE1001599.txt|-0.549181031|0.0568125548151347|0.0568125548151347
CHE1001630.txt|1.097731239|0.030772540421915094|0.030772540421915094
CHE1001668.txt|0.21564482|0.09382244228247341|0.09382244228247341
CHE1001692.txt|2.0|0.015310944964778089|0.015310944964778089
CHE1001696.txt|-0.862676056|0.0440546569367289|0.0440546569367289
CHE1001703.txt|-2.029680365|0.024377773959079318|0.024377773959079318
CHE1001815.txt|-1.343086361|0.06842007986971324|0.06842007986971324
CHE1001840.txt|0.358974359|0.11427367119549815|0.11427367119549815
CHE1001883.txt|0.093657796|0.1983143511122026|0.1983143511122026
CHE1001912.txt|0.5|0.0756191017942342|0.0756191017942342
CHE1002089.txt|-1.044496487|0.13420596370299415|0.13420596370299415
CHE1002140.txt|-0.154865284|0.2305621538906463|0.2305621538906463
CHE1002407.txt|0.186261289|0.3892554230454115|0.3892554230454115
CHE1002416.txt|0.0|0.09774879314564641|0.09774879314564641
CHE1002489.txt|1.428564322|0.08143536117768833|0.08143536117768833
CHE1002491.txt|0.146235788|0.04542618093299845|0.04542618093299845
CHE1002518.txt|-0.778795812|0.1323877434218776|0.1323877434218776
CHE1002560.txt|0.74048913|0.10826270839926437|0.10826270839926437
CHE1002601.txt|-0.487804878|0.2588579897915992|0.2588579897915992
CHE1002619.txt|-0.31641791|0.11281456260436752|0.11281456260436752
CHE1002689.txt|1.223209961|0.2040811892886121|0.2040811892886121
CHE1002752.txt|0.833786232|0.10855084253683778|0.10855084253683778
CHE1002937.txt|1.996418979|0.26071004727107916|0.26071004727107916
CHE1002944.txt|-1.873572995|0.3045855939938075|0.3045855939938075
CHE1002951.txt|0.788234208|0.08611446950604658|0.08611446950604658
CHE1002973.txt|-1.846153846|0.09235573417161672|0.09235573417161672
CHE1003071.txt|-0.83078686|0.09080443725499189|0.09080443725499189
CHE1003151.txt|-0.717948718|0.1591340126117032|0.1591340126117032
CHN1000866.txt|1.2|0.09114583896403243|0.09114583896403243
CHN1001330.txt|-0.220025349|0.1524820810754491|0.1524820810754491
CHN1001351.txt|-0.392670157|0.03722368360256618|0.03722368360256618
CHN1001445.txt|-0.355712603|0.08091925774324864|0.08091925774324864
CHN1001810.txt|1.620591581|0.025696776692909568|0.025696776692909568
CHN1002356.txt|0.02096593|0.006129889904817084|0.006129889904817084
CHN1002441.txt|-1.417469051|-0.04709280624534501|0.04709280624534501
CZE1000268.txt|0.199572965|0.0882454037901736|0.0882454037901736
DEU1000092.txt|0.3125|0.18253042718908608|0.18253042718908608
DEU1000128.txt|-0.315004452|0.13291208479859742|0.13291208479859742
DEU1000182.txt|1.339937487|0.09280275282794045|0.09280275282794045
DEU1000209.txt|0.019364449|-0.014122612901325268|0.014122612901325268
DEU1000243.txt|0.035882908|0.07827994916856361|0.07827994916856361
DEU1000284.txt|0.308312129|-0.06500221344359233|0.06500221344359233
DEU1000286.txt|0.056117647|0.060703051652100416|0.060703051652100416
DEU1000340.txt|-0.604561102|0.1260355006227488|0.1260355006227488
DEU1000408.txt|0.815920398|0.09766486728818896|0.09766486728818896
DEU1000432.txt|-0.042813456|0.11657842424011802|0.11657842424011802
DEU1000503.txt|-0.854622171|0.004353660995709881|0.004353660995709881
DEU1000515.txt|0.339506173|0.08415831530022502|0.08415831530022502
DEU1000547.txt|0.629270203|0.005708457274510078|0.005708457274510078
DEU1000595.txt|0.084231146|0.024291929399523956|0.024291929399523956
DEU1000704.txt|0.810483871|0.06332528318538092|0.06332528318538092
DEU1000752.txt|0.19047619|0.136002231880823|0.136002231880823
DEU1000753.txt|-1.083995786|0.08030732564892207|0.08030732564892207
DEU1000804.txt|-0.368997039|0.10358621554914337|0.10358621554914337
DEU1000828.txt|0.826023392|0.11960809904329861|0.11960809904329861
DEU1000830.txt|-0.00963035|0.09594012742918677|0.09594012742918677
DEU1000834.txt|1.096533333|0.025585059336392442|0.025585059336392442
DEU1000913.txt|0.170456902|-0.064597686449009|0.064597686449009
DEU1000929.txt|-1.386925795|0.10087216340070618|0.10087216340070618
DEU1000939.txt|-0.025316456|-0.027423903152107028|0.027423903152107028
DEU1001001.txt|-0.931675897|0.1460223102327979|0.1460223102327979
DEU1001196.txt|0.123962264|0.14889116516296985|0.14889116516296985
DEU1001287.txt|-0.24691358|0.0740813317272054|0.0740813317272054
DEU1001331.txt|1.251125277|0.10863265044283824|0.10863265044283824
DEU1001385.txt|0.191304348|0.09805468950219029|0.09805468950219029
DEU1001396.txt|-1.090909091|0.09526404755133684|0.09526404755133684
DEU1001407.txt|-0.179146365|-0.020666370399224015|0.020666370399224015
DEU1001416.txt|-0.169966544|0.09806721545668805|0.09806721545668805
DEU1001490.txt|-0.296110211|-0.05639253195732886|0.05639253195732886
DEU1001553.txt|-0.373161765|0.06840669798412728|0.06840669798412728
DEU1001600.txt|-0.564935065|0.0019470076059516159|0.0019470076059516159
DEU1001657.txt|0.465322079|0.0025782370579900404|0.0025782370579900404
DEU1001658.txt|-0.089733226|0.13924838168174877|0.13924838168174877
DEU1001688.txt|-0.75|0.004547787026540696|0.004547787026540696
DEU1001759.txt|-0.344019304|0.014077125734294125|0.014077125734294125
DEU1001806.txt|-0.649233517|0.012644791139388257|0.012644791139388257
DEU1001815.txt|0.224608019|-0.027707841799639588|0.027707841799639588
DEU1001865.txt|0.337142488|0.0968546269488176|0.0968546269488176
DEU1002121.txt|-0.031152648|0.05028979986171538|0.05028979986171538
DEU1002164.txt|1.843028624|-0.019382644478979288|0.019382644478979288
DEU1002184.txt|-0.51823838|0.0463433717004158|0.0463433717004158
DEU1002276.txt|-1.280898876|0.0666810822952732|0.0666810822952732
DEU1002304.txt|0.37198453|-0.253484006566252|0.253484006566252
DEU1002396.txt|0.35677513|0.018734947865508035|0.018734947865508035
DEU1002439.txt|-0.678964758|-0.04314797195289007|0.04314797195289007
DEU1002445.txt|0.119047619|-0.06682813596749111|0.06682813596749111
DEU1002469.txt|0.233293663|0.051723133299323744|0.051723133299323744
DEU1002478.txt|0.398798799|0.039859982964934336|0.039859982964934336
DEU1002501.txt|-0.461538462|0.08358862627354058|0.08358862627354058
DEU1002555.txt|-0.050287356|-0.04206103731621724|0.04206103731621724
DEU1002582.txt|0.479146249|-0.07200598085277254|0.07200598085277254
DEU1002673.txt|3.51344125|0.015541715542115172|0.015541715542115172
DEU1002680.txt|0.531938425|0.042337914923183534|0.042337914923183534
DEU1002727.txt|-0.199818347|-0.00437981659001448|0.00437981659001448
DEU1002738.txt|-0.723851688|0.07287905972528161|0.07287905972528161
DEU1002811.txt|0.0|0.07866971832766734|0.07866971832766734
DEU1002825.txt|2.0|0.01982055633809424|0.01982055633809424
DEU1002841.txt|-0.772887874|0.05140393451239588|0.05140393451239588
DEU1002867.txt|-0.258344737|0.01735012610483743|0.01735012610483743
DEU1002975.txt|0.232906591|0.05377604983951269|0.05377604983951269
DEU1002976.txt|-0.837988827|-0.001120021971380094|0.001120021971380094
DEU1002978.txt|0.043902439|-0.06587187292037196|0.06587187292037196
DEU1003008.txt|-0.048661386|-0.013954555058951736|0.013954555058951736
DEU1003051.txt|-1.333333333|0.053254915031636076|0.053254915031636076
DEU1003142.txt|-0.841263414|0.10582840117263921|0.10582840117263921
DEU1003165.txt|1.165821772|0.057020199542866384|0.057020199542866384
DEU1003340.txt|1.933216738|0.07794171160081513|0.07794171160081513
DEU1003341.txt|-0.82704635|-0.09571706124324639|0.09571706124324639
DEU1003398.txt|-1.263157895|0.2746201123279299|0.2746201123279299
DEU1003422.txt|0.357142857|-0.10694807732916103|0.10694807732916103
DEU1003599.txt|-0.195640802|-0.024597311589461764|0.024597311589461764
DEU1003655.txt|0.164794007|0.09962914017230189|0.09962914017230189
DEU1003715.txt|-0.878552972|0.09259168644574153|0.09259168644574153
DEU1003844.txt|1.376582278|0.07370986649701963|0.07370986649701963
DEU1003856.txt|0.344210526|0.07817943917076624|0.07817943917076624
DEU1003859.txt|-0.093473797|-0.0021529628546846065|0.0021529628546846065
DEU1003870.txt|-0.978220286|0.06159266920307048|0.06159266920307048
DEU1003902.txt|0.66735831|0.16509643552152445|0.16509643552152445
DEU1003944.txt|2.051554208|0.11442053001063403|0.11442053001063403
DEU1003959.txt|0.0|0.3093720695840753|0.3093720695840753
DEU1004130.txt|0.483064355|0.02039492184768077|0.02039492184768077
DEU1004198.txt|0.490641179|0.08717105854779758|0.08717105854779758
DEU1004207.txt|-0.643689442|0.1796322864900334|0.1796322864900334
DEU1004358.txt|-0.080145719|0.04827291808986766|0.04827291808986766
DEU1004375.txt|1.637305699|0.09017036442754767|0.09017036442754767
DEU1004473.txt|0.006451613|0.12599964691752874|0.12599964691752874
DEU1004486.txt|-1.866666667|0.011133014019373597|0.011133014019373597
DEU1004661.txt|1.139396709|0.042387869413579304|0.042387869413579304
DEU1004721.txt|-0.813953488|0.0653224933228326|0.0653224933228326
DEU1004744.txt|-0.666564605|-0.030374108156656976|0.030374108156656976
DEU1004925.txt|-0.609848485|0.04095857887112176|0.04095857887112176
DEU1005072.txt|0.382284382|-0.02782554816736213|0.02782554816736213
DEU1005141.txt|1.244573082|-0.06064761887563791|0.06064761887563791
DEU1005236.txt|-1.077861163|0.025848320684731033|0.025848320684731033
DEU1005358.txt|0.169479606|-0.0971547636765817|0.0971547636765817
DEU1005430.txt|0.116410623|0.016109339875122218|0.016109339875122218
DEU1005437.txt|0.634621998|0.05107658112116982|0.05107658112116982
DEU1005518.txt|1.307876995|0.15466804310734675|0.15466804310734675
DEU1005678.txt|-0.634751773|0.07660510314311807|0.07660510314311807
DEU1005798.txt|-1.137254902|0.035916799621134386|0.035916799621134386
DEU1005880.txt|0.238095238|0.05943721537697503|0.05943721537697503
DEU1006045.txt|-0.2122571|-0.24441297301481804|0.24441297301481804
DEU1006170.txt|0.009041591|0.09288208169615268|0.09288208169615268
DEU1006266.txt|0.785590278|0.03199282119611675|0.03199282119611675
DEU1006279.txt|1.071423752|0.04355514686695466|0.04355514686695466
DEU1006388.txt|1.361805111|0.12866368193495192|0.12866368193495192
DEU1006433.txt|-0.030848329|0.15725082350256886|0.15725082350256886
DEU1006474.txt|0.226744186|0.0785116029716284|0.0785116029716284
DEU1006527.txt|0.169750485|-0.19772404702968174|0.19772404702968174
DNK1000125.txt|-0.362512826|0.18913200481787648|0.18913200481787648
DNK1000385.txt|0.803029925|0.06886367832933149|0.06886367832933149
DNK1000414.txt|-0.470947266|0.040915498582058105|0.040915498582058105
DNK1000686.txt|-0.827406282|0.05872043466524649|0.05872043466524649
DNK1000799.txt|-0.262815957|-0.029321910651959555|0.029321910651959555
DNK1000816.txt|-0.219040036|0.0190895945180969|0.0190895945180969
DNK1000858.txt|-0.49383933|-0.013924808153219302|0.013924808153219302
DNK1000875.txt|-0.760814832|-0.20284055262002443|0.20284055262002443
DNK1000945.txt|1.943925234|0.04715930234585433|0.04715930234585433
DNK1001011.txt|-0.351811087|0.07196640226537934|0.07196640226537934
DNK1001217.txt|0.760107817|0.015886941816012405|0.015886941816012405
DNK1001219.txt|1.374866756|0.18998577327587554|0.18998577327587554
DNK1001420.txt|0.401405407|-0.15208621394308477|0.15208621394308477
DNK1001605.txt|-1.420754717|0.05530560413541079|0.05530560413541079
DNK1001754.txt|-0.547785548|0.040530705516620386|0.040530705516620386
DNK1001794.txt|-0.874309392|0.1348395047856757|0.1348395047856757
DNK1001896.txt|-0.628571429|0.00012113838473887945|0.00012113838473887945
DNK1002039.txt|-0.681120145|0.18929366655204335|0.18929366655204335
DNK1002065.txt|0.15411057|-0.11630962637289508|0.11630962637289508
DNK1002069.txt|0.138238573|0.23590935790709133|0.23590935790709133
DNK1002085.txt|0.159822622|0.0459907865340431|0.0459907865340431
DNK1002102.txt|1.785714286|0.04705945945906623|0.04705945945906623
DNK1002145.txt|1.124312431|0.10743075672573389|0.10743075672573389
DNK1002155.txt|-0.137604908|0.08671347598553311|0.08671347598553311
DNK1002166.txt|1.614844846|-0.0021575893897684962|0.0021575893897684962
DNK1002170.txt|1.339857651|0.08242729920280678|0.08242729920280678
DNK1002173.txt|-0.61627907|0.09929996646023825|0.09929996646023825
ESP1000005.txt|-0.636938873|0.07643332960639292|0.07643332960639292
ESP1000047.txt|0.55761194|0.0004063584447216474|0.0004063584447216474
ESP1000061.txt|0.018992622|0.09371999481880765|0.09371999481880765
ESP1000074.txt|0.888720437|0.17004113192905768|0.17004113192905768
ESP1000136.txt|1.052896725|-0.00793669800502498|0.00793669800502498
ESP1000143.txt|2.0|0.10118514138516245|0.10118514138516245
ESP1000173.txt|0.822740113|0.19088835842722424|0.19088835842722424
ESP1000186.txt|-0.68645743|-0.048675556433818386|0.048675556433818386
ESP1000331.txt|-0.597938144|0.15269142280487286|0.15269142280487286
ESP1000385.txt|-0.389394419|0.022600740462433398|0.022600740462433398
ESP1000470.txt|-1.568181818|0.01684775235654888|0.01684775235654888
ESP1000501.txt|-0.394852731|0.04906463509049111|0.04906463509049111
ESP1000521.txt|-0.588671616|0.18945301953847224|0.18945301953847224
ESP1000525.txt|-1.195050888|0.0546784532207109|0.0546784532207109
ESP1000526.txt|-1.158342189|-0.0197764354590845|0.0197764354590845
ESP1000537.txt|0.496478873|0.1419714211443783|0.1419714211443783
ESP1000563.txt|-0.583333333|0.0744615221808746|0.0744615221808746
ESP1000604.txt|1.540540541|0.09171409900304217|0.09171409900304217
ESP1000689.txt|0.328587699|0.028969017914068692|0.028969017914068692
ESP1000703.txt|1.583333333|0.11750148916111165|0.11750148916111165
ESP1000722.txt|0.386040138|0.11657816235788981|0.11657816235788981
ESP1000740.txt|-0.257798034|0.26379792485278|0.26379792485278
ESP1000788.txt|0.593381247|0.1249261388614074|0.1249261388614074
ESP1000809.txt|0.017030996|0.06706118768841042|0.06706118768841042
ESP1000813.txt|0.315789474|0.0512517505652363|0.0512517505652363
ESP1000817.txt|0.599679316|0.12426445786606233|0.12426445786606233
ESP1000826.txt|-0.050332384|0.06868155057685536|0.06868155057685536
ESP1000858.txt|0.625287356|0.2079516351022194|0.2079516351022194
ESP1000860.txt|0.947540984|0.16976552525398958|0.16976552525398958
ESP1000865.txt|-0.371757925|0.04406816617508218|0.04406816617508218
ESP1000895.txt|-1.607843137|0.07373351124001508|0.07373351124001508
ESP1000915.txt|3.0|-0.03701858892595827|0.03701858892595827
ESP1000941.txt|1.25|0.0990437065756357|0.0990437065756357
ESP1000944.txt|1.022222222|0.053922524607303665|0.053922524607303665
ESP1000945.txt|0.696629213|0.012574817922007675|0.012574817922007675
ESP1000998.txt|0.808032891|0.21589634114768752|0.21589634114768752
ESP1001020.txt|1.5|0.09179301850875754|0.09179301850875754
ESP1001023.txt|0.81548312|0.1618376039395201|0.1618376039395201
ESP1001048.txt|-0.208333333|0.12258420662857694|0.12258420662857694
ESP1001066.txt|0.435645747|0.0558705987531633|0.0558705987531633
ESP1001068.txt|0.287137236|0.0976123665582972|0.0976123665582972
ESP1001070.txt|-0.817537073|0.09036341026743203|0.09036341026743203
ESP1001102.txt|-0.011721366|0.11363142484137996|0.11363142484137996
ESP1001108.txt|1.02874646|0.12281212339964338|0.12281212339964338
FIN1000205.txt|1.069364162|0.04305417000174478|0.04305417000174478
FIN1000309.txt|0.800732098|-0.0018663857623362548|0.0018663857623362548
FIN1000359.txt|-0.666666667|-0.051335044333552064|0.051335044333552064
FIN1000373.txt|-0.473429952|0.003501996618338995|0.003501996618338995
FIN1000386.txt|-0.350877193|0.06666154759532204|0.06666154759532204
FIN1000390.txt|-0.25|0.07442317417243159|0.07442317417243159
FIN1000537.txt|-1.636363636|-0.0054905806680199554|0.0054905806680199554
FIN1000767.txt|3.0|0.14918884180724346|0.14918884180724346
FIN1000780.txt|1.6|0.1144883603254185|0.1144883603254185
FIN1000823.txt|1.866666667|0.1034045922875527|0.1034045922875527
FIN1000880.txt|0.66440678|0.04364071696906301|0.04364071696906301
FIN1000885.txt|1.341317365|-0.20378206291027134|0.20378206291027134
FIN1000917.txt|0.65942029|0.07826871924824003|0.07826871924824003
FIN1000966.txt|0.0|0.14803746323155914|0.14803746323155914
FIN1000983.txt|0.455108359|-0.07721899044161196|0.07721899044161196
FIN1001021.txt|0.057692308|0.09708591647870658|0.09708591647870658
FIN1001128.txt|1.5|0.20947926166789277|0.20947926166789277
FIN1001141.txt|0.249466951|0.0713821104986237|0.0713821104986237
FIN1001160.txt|0.0|0.1259721101456054|0.1259721101456054
FIN1001162.txt|-1.49862259|0.08571879200050127|0.08571879200050127
FIN1001199.txt|-0.52454418|0.08556056112936061|0.08556056112936061
FIN1001241.txt|0.007688858|0.11698899563342086|0.11698899563342086
FIN1001242.txt|-2.0|0.1338627255990845|0.1338627255990845
FIN1001257.txt|0.449438202|0.1335948664336758|0.1335948664336758
FIN1001259.txt|-1.428571429|0.07254512180908329|0.07254512180908329
FIN1001267.txt|-1.297065612|0.03845457548184757|0.03845457548184757
FIN1001312.txt|1.26316321|0.3110782313239567|0.3110782313239567
FIN1001321.txt|1.333333333|0.14089704780231063|0.14089704780231063
FIN1001355.txt|0.75|0.3024354408518365|0.3024354408518365
FIN1001385.txt|-1.500636943|0.08949826399285182|0.08949826399285182
FIN1001387.txt|-1.328671329|0.1473579921634145|0.1473579921634145
FIN1001417.txt|0.117647059|0.18870172498919077|0.18870172498919077
FIN1001420.txt|-1.3668462|0.01879940963724573|0.01879940963724573
FIN1001483.txt|-0.188679245|0.10271915032486194|0.10271915032486194
FIN1001484.txt|-0.193548387|0.1599793121952504|0.1599793121952504
FIN1001873.txt|-0.474903475|0.020092719251679995|0.020092719251679995
FIN1001919.txt|-0.32|-0.05508894409920763|0.05508894409920763
FIN1001950.txt|0.065991754|0.029744405969338823|0.029744405969338823
FIN1002005.txt|1.158699809|0.060997099321198726|0.060997099321198726
FIN1002018.txt|2.002840909|-0.026808028142505935|0.026808028142505935
FIN1002066.txt|-1.733333333|0.10349733126729102|0.10349733126729102
FRA1000058.txt|0.1019678|0.06274886727539782|0.06274886727539782
FRA1000080.txt|0.45360086|0.04496378503266493|0.04496378503266493
FRA1000084.txt|-0.190045249|0.2111869136053557|0.2111869136053557
FRA1000095.txt|0.882956879|0.14827865597421672|0.14827865597421672
FRA1000126.txt|-1.410662515|0.05620292542068731|0.05620292542068731
FRA1000132.txt|-0.848484848|0.03424714252914506|0.03424714252914506
FRA1000141.txt|0.439425051|0.027903360197044064|0.027903360197044064
FRA1000245.txt|-0.731707317|0.02422163562242573|0.02422163562242573
FRA1000263.txt|1.977011494|0.18607711310343997|0.18607711310343997
FRA1000275.txt|-0.551533157|0.19986508908540707|0.19986508908540707
FRA1000300.txt|-0.087804878|-0.09207471875079824|0.09207471875079824
FRA1000356.txt|0.051307847|0.15428121900709163|0.15428121900709163
FRA1000427.txt|0.873913043|0.047474671679909396|0.047474671679909396
FRA1000517.txt|-0.501146221|0.07143809234663626|0.07143809234663626
FRA1000531.txt|-0.755802032|0.12201496808929033|0.12201496808929033
FRA1000544.txt|-0.094098831|0.07797325522836213|0.07797325522836213
FRA1000581.txt|0.696980096|0.1596523992727812|0.1596523992727812
FRA1000594.txt|0.532751092|-0.05408718160391384|0.05408718160391384
FRA1000609.txt|-0.05952381|0.08977476461127494|0.08977476461127494
FRA1000666.txt|0.684298908|-0.020736738683746096|0.020736738683746096
FRA1000684.txt|0.700892857|0.11540521564667584|0.11540521564667584
FRA1000699.txt|-0.095082803|0.04551386689638792|0.04551386689638792
FRA1000726.txt|-0.358762887|0.11500592053043639|0.11500592053043639
FRA1000769.txt|0.740120655|0.08542068767704306|0.08542068767704306
FRA1000812.txt|1.166163142|-0.040515769432877|0.040515769432877
FRA1000842.txt|-0.41112124|0.026299144764220215|0.026299144764220215
FRA1000875.txt|-0.162162162|0.15428541289944175|0.15428541289944175
FRA1000889.txt|0.309165743|0.02278753674193472|0.02278753674193472
FRA1000948.txt|0.689189189|0.10413430520179541|0.10413430520179541
FRA1000971.txt|0.277118644|0.025509857457174406|0.025509857457174406
FRA1000985.txt|-1.479622656|0.05788271609455138|0.05788271609455138
FRA1001001.txt|-0.838063439|-0.1479503793441984|0.1479503793441984
FRA1001008.txt|0.544303797|0.03261588169127665|0.03261588169127665
FRA1001046.txt|-0.807692308|0.11293612070400272|0.11293612070400272
FRA1001064.txt|-0.672969523|0.046978660641895806|0.046978660641895806
FRA1001147.txt|0.170454545|0.15850900044099592|0.15850900044099592
FRA1001177.txt|2.391971454|0.024097063424574947|0.024097063424574947
FRA1001228.txt|-0.606060606|0.15143775548482508|0.15143775548482508
FRA1001231.txt|0.381878822|0.061872296993966014|0.061872296993966014
FRA1001312.txt|0.313543599|0.10606213209883793|0.10606213209883793
FRA1001342.txt|-1.309576837|-0.006311343901542695|0.006311343901542695
FRA1001403.txt|-0.132193732|-0.03980821822985623|0.03980821822985623
FRA1001408.txt|-1.142162583|0.050857144920169295|0.050857144920169295
FRA1001436.txt|0.478110599|0.21260951998692346|0.21260951998692346
FRA1001464.txt|-0.652054795|0.13508806525193034|0.13508806525193034
FRA1001490.txt|0.699326877|0.021716526332571533|0.021716526332571533
FRA1001514.txt|0.131578947|0.14513630777208622|0.14513630777208622
FRA1001548.txt|0.969063632|0.12524344695381204|0.12524344695381204
FRA1001580.txt|1.391304348|0.010813343122825801|0.010813343122825801
FRA1001709.txt|1.016559338|0.02939877464358918|0.02939877464358918
FRA1001802.txt|0.18721038|0.07662551583871498|0.07662551583871498
FRA1001901.txt|1.043137255|0.02497446450412848|0.02497446450412848
FRA1001920.txt|-0.097826087|0.0999063797168018|0.0999063797168018
FRA1001923.txt|-0.398177496|0.1372928881704535|0.1372928881704535
FRA1001951.txt|0.301180762|-0.025985742548699713|0.025985742548699713
FRA1002055.txt|-0.514465913|0.08410564184255939|0.08410564184255939
FRA1002077.txt|0.054347826|0.04410806202315941|0.04410806202315941
FRA1002110.txt|0.09931917|0.06975552962002297|0.06975552962002297
FRA1002160.txt|-0.558399464|0.1260720649808059|0.1260720649808059
FRA1002215.txt|1.732599725|0.050967575718389224|0.050967575718389224
FRA1002259.txt|0.106015115|0.03963144085546162|0.03963144085546162
FRA1002274.txt|0.795963229|-0.1762301998031|0.1762301998031
FRA1002399.txt|0.389666978|0.10620198590503355|0.10620198590503355
FRA1002403.txt|0.234493019|0.042908033678470375|0.042908033678470375
FRA1002541.txt|0.224299065|0.04402584789042964|0.04402584789042964
FRA1002579.txt|0.128205128|-0.1951321743363|0.1951321743363
FRA1002580.txt|-0.114098361|-0.03184962452901789|0.03184962452901789
FRA1002628.txt|-0.550819672|0.14457744376267168|0.14457744376267168
FRA1002685.txt|-0.634315425|0.01776556003519712|0.01776556003519712
FRA1002848.txt|1.993972272|0.12148471123749092|0.12148471123749092
FRA1002916.txt|-0.148665049|0.09540915307346767|0.09540915307346767
FRA1002935.txt|0.300003048|0.20194724134682907|0.20194724134682907
FRA1002936.txt|-0.839118825|0.03164097780024136|0.03164097780024136
FRA1002938.txt|0.943469786|0.09380515294069985|0.09380515294069985
FRA1003009.txt|0.028169014|-0.17290103072310808|0.17290103072310808
FRA1003050.txt|0.744338865|0.0910510009555471|0.0910510009555471
FRA1003066.txt|-0.933070866|0.12371590724113614|0.12371590724113614
FRA1003094.txt|-0.51596424|0.06273821291986915|0.06273821291986915
FRA1003136.txt|-0.54764435|0.08607824720557652|0.08607824720557652
FRA1003251.txt|0.789473684|0.0939457458941458|0.0939457458941458
FRA1003265.txt|0.038203517|0.07276910004271304|0.07276910004271304
FRA1003283.txt|0.284347962|0.07576066944683074|0.07576066944683074
FRA1003298.txt|-0.548085766|0.12569598158005585|0.12569598158005585
FRA1003331.txt|1.704180064|-0.19825696079218047|0.19825696079218047
FRA1003349.txt|-0.137687788|0.11610304929189143|0.11610304929189143
FRA1003384.txt|-0.080717489|0.19673594146919582|0.19673594146919582
FRA1003406.txt|-0.614277687|0.13473409586744187|0.13473409586744187
FRA1003416.txt|-1.452025586|0.1241654209973651|0.1241654209973651
FRA1003430.txt|-1.281620706|0.20392932568946798|0.20392932568946798
GBR1001963.txt|0.341463415|0.07602623998312502|0.07602623998312502
GBR1002063.txt|-0.742674718|0.072168910033829|0.072168910033829
GBR1002455.txt|-0.291724983|0.14730187800415107|0.14730187800415107
GBR1002488.txt|1.8106185|0.1475143067825616|0.1475143067825616
GBR1003149.txt|0.963157895|0.09718206671549004|0.09718206671549004
GBR1003273.txt|0.446009849|0.12014690597680214|0.12014690597680214
GBR1003300.txt|-0.342007435|0.12019351346688267|0.12019351346688267
GBR1004339.txt|1.412984156|0.1430809224758239|0.1430809224758239
GBR1004387.txt|0.717241379|0.0956628726687965|0.0956628726687965
GBR1004571.txt|-1.391789154|0.0479074813006936|0.0479074813006936
GBR1005137.txt|0.193103448|0.1355770417600999|0.1355770417600999
GBR1005820.txt|2.59290026|0.08925416507173288|0.08925416507173288
GBR1006305.txt|-0.979381443|0.09195074486925309|0.09195074486925309
GBR1006540.txt|1.268435889|0.1445332190594683|0.1445332190594683
GBR1006559.txt|2.344827586|0.10676692168545576|0.10676692168545576
GBR1006672.txt|-0.063829787|0.11600303146670893|0.11600303146670893
GBR1006908.txt|-0.244140625|0.12211637238023051|0.12211637238023051
GBR1007415.txt|-0.678329474|0.0482256215069115|0.0482256215069115
GBR1007882.txt|-0.031746032|0.01283537701784816|0.01283537701784816
GBR1008388.txt|-0.005106383|0.020312391859096137|0.020312391859096137
GBR1009009.txt|-1.268081761|0.12961959278611698|0.12961959278611698
GBR1009610.txt|-0.53115195|0.06767673151071667|0.06767673151071667
GBR1009712.txt|-0.05272622|0.16642970860714856|0.16642970860714856
GBR1010233.txt|0.058622445|0.09632013261088872|0.09632013261088872
GBR1010282.txt|-0.416566144|0.12941020817799914|0.12941020817799914
GBR1010576.txt|0.495826565|0.04803474806539861|0.04803474806539861
GBR1010676.txt|0.85770751|0.08668368340737967|0.08668368340737967
GBR1011547.txt|-1.059411132|0.10812355289824965|0.10812355289824965
GBR1011896.txt|-0.886239388|0.12220439274284838|0.12220439274284838
GBR1012515.txt|0.815326532|0.028515218907243647|0.028515218907243647
GBR1012678.txt|0.377915015|0.10355774331654978|0.10355774331654978
GBR1013162.txt|-1.158937386|0.019130221627097512|0.019130221627097512
GBR1013392.txt|0.235897714|0.018777314676489354|0.018777314676489354
GBR1014219.txt|-1.577612981|0.14725401107428684|0.14725401107428684
GBR1015183.txt|0.816850642|0.009971159647178813|0.009971159647178813
GBR1015317.txt|-0.857142857|0.1099360659427153|0.1099360659427153
GBR1015330.txt|1.984259849|0.21296161497672303|0.21296161497672303
GBR1015346.txt|1.502918288|0.11616244919759275|0.11616244919759275
GBR1015373.txt|-0.123955827|0.04033865171581666|0.04033865171581666
GBR1015886.txt|0.310455352|0.08984138144760043|0.08984138144760043
GBR1016814.txt|0.975583894|0.17778033053540962|0.17778033053540962
GBR1017655.txt|0.611399261|0.17368972262292626|0.17368972262292626
GBR1018150.txt|0.165141265|0.05138822342791457|0.05138822342791457
GBR1018295.txt|-0.878494164|0.16077234183465938|0.16077234183465938
GBR1018838.txt|1.012145749|0.20905510165410746|0.20905510165410746
GBR1018926.txt|-1.428839771|0.0746572665035419|0.0746572665035419
GBR1019455.txt|-0.283933693|0.0782555906540447|0.0782555906540447
GBR1020203.txt|0.403846293|0.09091613217862873|0.09091613217862873
GBR1020296.txt|0.551801813|0.19261000254364882|0.19261000254364882
GBR1020355.txt|-0.711883239|0.28293710459333277|0.28293710459333277
GBR1020730.txt|-0.201582298|0.18290772627256752|0.18290772627256752
GBR1020986.txt|-0.770753695|0.15907403092225053|0.15907403092225053
GBR1021938.txt|0.618240807|0.18763802603368693|0.18763802603368693
GBR1022082.txt|-0.920130749|0.1534788232467505|0.1534788232467505
GBR1022215.txt|1.752706808|0.16436260800999253|0.16436260800999253
GBR1022689.txt|-0.565851136|0.15427025602920774|0.15427025602920774
GBR1023807.txt|0.126919454|0.10097405453840969|0.10097405453840969
GBR1023956.txt|-0.666666667|0.2278644862208999|0.2278644862208999
GBR1024250.txt|0.539469379|0.118005477227951|0.118005477227951
GBR1024297.txt|-1.341466902|0.13019425132521334|0.13019425132521334
GBR1025677.txt|-0.028301542|0.11191914499125083|0.11191914499125083
GBR1026460.txt|0.622473103|0.13603701642358976|0.13603701642358976
GBR1026623.txt|-0.178930569|0.15355339140827545|0.15355339140827545
GBR1026851.txt|-0.004365956|0.18727117439376326|0.18727117439376326
GBR1027592.txt|-1.184210526|0.15646261655653518|0.15646261655653518
GBR1027663.txt|-0.32183908|0.21235966616438084|0.21235966616438084
GBR1028003.txt|0.0|0.09963275770886343|0.09963275770886343
GBR1028397.txt|1.012105984|0.048627980313375174|0.048627980313375174
GBR1028654.txt|2.66901572|0.1366583421290904|0.1366583421290904
GRC1000110.txt|-2.387755102|0.13814832172685879|0.13814832172685879
GRC1000238.txt|1.123094959|0.16184553535104687|0.16184553535104687
GRC1000246.txt|1.043478261|0.054131405153805184|0.054131405153805184
GRC1000304.txt|-0.710526316|0.1075968651809451|0.1075968651809451
GRC1000375.txt|-0.543209877|0.037425505967295075|0.037425505967295075
GRC1000504.txt|0.882908404|0.06752110762838952|0.06752110762838952
HKG1000480.txt|-0.653846154|0.035197349489828715|0.035197349489828715
HKG1000763.txt|1.039285714|0.019026391554924967|0.019026391554924967
HKG1001011.txt|0.168341556|0.01351766746013279|0.01351766746013279
HKG1001784.txt|-1.017730496|0.06650974086947331|0.06650974086947331
IDN1000186.txt|0.178483178|0.026161738367656468|0.026161738367656468
IDN1000806.txt|0.0|-0.05338287508949974|0.05338287508949974
IDN1000909.txt|1.033207754|-0.09893704259596856|0.09893704259596856
IDN1000965.txt|-0.318080497|0.1271648234602585|0.1271648234602585
IDN1001254.txt|0.204580565|0.018941736729075863|0.018941736729075863
IDN1001258.txt|1.335729353|0.09626551502116712|0.09626551502116712
IDN1001313.txt|-0.003859514|-0.02568392825237556|0.02568392825237556
IDN1001427.txt|-1.042233247|-0.07651969486036116|0.07651969486036116
IDN1001556.txt|-0.042284124|-0.020022960412658237|0.020022960412658237
IDN1001621.txt|0.025610898|-0.010200175990577522|0.010200175990577522
IDN1001671.txt|-1.042751859|-0.019528745348075967|0.019528745348075967
IDN1001846.txt|-1.685720279|-0.05224426900383501|0.05224426900383501
IDN1001859.txt|-0.657872084|-0.005481595062600518|0.005481595062600518
IDN1001876.txt|0.0|-0.062242212317037256|0.062242212317037256
IDN1001900.txt|0.447781966|-0.03730340286162022|0.03730340286162022
IDN1001942.txt|0.0|-0.03510229456155484|0.03510229456155484
IDN1002000.txt|0.346137209|-0.03644192408645159|0.03644192408645159
IDN1002045.txt|-0.458149781|0.027308327003783744|0.027308327003783744
IDN1002057.txt|-0.610613637|0.000968357579582124|0.000968357579582124
IDN1002079.txt|0.0|-0.052654579752438514|0.052654579752438514
IND1001824.txt|-0.306425041|-0.06897150492039161|0.06897150492039161
IND1002007.txt|-0.338664158|0.012663464333916682|0.012663464333916682
IND1002072.txt|0.867256637|-0.01741481224308028|0.01741481224308028
IND1002128.txt|-0.088775946|-0.04885126977100959|0.04885126977100959
IND1002461.txt|-1.357002542|-0.06554524595503533|0.06554524595503533
IND1003295.txt|0.443181818|-0.0953484818550068|0.0953484818550068
IND1003323.txt|-0.858303249|-0.11248063258191794|0.11248063258191794
IND1003412.txt|-1.005989161|-0.16181749458604813|0.16181749458604813
IND1003761.txt|1.071721348|0.0259204037641182|0.0259204037641182
IND1004072.txt|0.044884292|-0.03353599746985564|0.03353599746985564
IND1004818.txt|-0.14387511|-0.09785985078569143|0.09785985078569143
IND1004827.txt|-0.340373751|-0.17117010113423467|0.17117010113423467
IND1004867.txt|0.71|-0.022863112230249245|0.022863112230249245
IND1005110.txt|-0.795670422|-0.04185045488414451|0.04185045488414451
IND1005444.txt|0.021681997|0.01087833121527842|0.01087833121527842
IND1005584.txt|-0.949500471|-0.06451752935962705|0.06451752935962705
IND1005646.txt|-0.142190297|-0.0831587714838216|0.0831587714838216
IND1005786.txt|-0.931099874|0.06002161518671968|0.06002161518671968
IND1005850.txt|-1.020756326|-0.08054957908541073|0.08054957908541073
IND1006092.txt|-0.237691002|-0.0023699612413284545|0.0023699612413284545
IND1006529.txt|-0.876404494|-0.042423728213161455|0.042423728213161455
IND1006637.txt|-0.386688526|-0.04837388869276343|0.04837388869276343
IND1006786.txt|1.976170213|-0.07708636174375753|0.07708636174375753
IND1006798.txt|0.301312207|-0.036808553502885144|0.036808553502885144
IND1006879.txt|0.174675552|0.010994296567212439|0.010994296567212439
IND1007119.txt|-0.099173554|0.02019371718773988|0.02019371718773988
IND1007211.txt|-0.084910443|-0.13971801158008793|0.13971801158008793
IND1007380.txt|-0.036354704|-0.036631263465803|0.036631263465803
IND1008052.txt|-0.21257245|-0.040278338180076874|0.040278338180076874
IND1008081.txt|-0.465410378|-0.16692403362527508|0.16692403362527508
IND1008342.txt|1.198224852|-0.06488540924069086|0.06488540924069086
IND1008365.txt|0.057137129|0.03482430661640363|0.03482430661640363
IND1008473.txt|-0.368175171|-0.09689311007539622|0.09689311007539622
IND1008658.txt|0.031801435|0.019643257064357954|0.019643257064357954
IND1008714.txt|0.03264095|-0.03434365272005717|0.03434365272005717
IND1008895.txt|-1.096412556|-0.027116651899609448|0.027116651899609448
IND1009166.txt|0.43490531|0.03549552552709204|0.03549552552709204
IND1009267.txt|-0.34312744|-0.15192520553593397|0.15192520553593397
IND1012016.txt|0.692080572|-0.15687299366273885|0.15687299366273885
IND1012752.txt|0.307893661|0.06788247153526886|0.06788247153526886
IND1013639.txt|-1.205377147|0.004834632026017333|0.004834632026017333
IND1013662.txt|-0.103317147|-0.08218737527805263|0.08218737527805263
IND1013815.txt|0.287526427|0.0034766118788855122|0.0034766118788855122
IND1014232.txt|0.53837072|0.051869488776862094|0.051869488776862094
IND1014661.txt|-0.211147812|-0.135060885991378|0.135060885991378
IND1014682.txt|-0.55863397|-0.050291265631024505|0.050291265631024505
IND1014741.txt|0.367605634|-0.11234408678626566|0.11234408678626566
IND1015030.txt|0.425539098|-0.031025528708653723|0.031025528708653723
IND1015073.txt|0.34761236|-0.12259785311453655|0.12259785311453655
IND1015267.txt|0.005369128|-0.017127732105127674|0.017127732105127674
IND1015369.txt|-0.943438914|-0.030462761300434238|0.030462761300434238
IND1015440.txt|0.315742557|-0.08363953322176146|0.08363953322176146
IND1016201.txt|0.257754912|-0.15480600639796746|0.15480600639796746
IRL1000279.txt|-2.0|0.05781082801822374|0.05781082801822374
IRL1000381.txt|0.46374502|0.13353266464552968|0.13353266464552968
IRL1000402.txt|1.134831461|0.09371004962044327|0.09371004962044327
IRL1000470.txt|1.870967742|0.0825753560822633|0.0825753560822633
IRL1000546.txt|-0.637681159|0.14382852834908602|0.14382852834908602
IRL1000613.txt|-0.044029353|0.11435141157770308|0.11435141157770308
IRL1000698.txt|5.2e-18|-0.0556976359902901|0.0556976359902901
IRL1000724.txt|-0.734177215|0.0770662659272584|0.0770662659272584
IRL1000827.txt|-0.146341463|0.13755827006515722|0.13755827006515722
IRL1000829.txt|0.388888889|0.1825398746837787|0.1825398746837787
IRL1000938.txt|0.291948834|0.07152575044776867|0.07152575044776867
IRL1001060.txt|0.451777251|-0.08911053844638257|0.08911053844638257
IRL1001094.txt|-0.335731415|0.07905234118594767|0.07905234118594767
IRL1001125.txt|0.148148148|0.15232836698444485|0.15232836698444485
IRL1001167.txt|0.111111111|0.12373488521208745|0.12373488521208745
IRL1001168.txt|0.66695558|-0.10472120487807304|0.10472120487807304
IRL1001248.txt|0.452451709|0.09135847633363002|0.09135847633363002
IRL1001273.txt|0.411522634|0.14964253925003598|0.14964253925003598
ISR1000263.txt|0.962879074|0.08576173480147871|0.08576173480147871
ISR1000325.txt|0.221258134|0.05687881302361474|0.05687881302361474
ITA1000018.txt|0.940677966|0.03469885211471274|0.03469885211471274
ITA1000078.txt|-0.234488316|-0.060906847853364914|0.060906847853364914
ITA1000098.txt|0.03469354|0.12912096215164093|0.12912096215164093
ITA1000119.txt|0.0|0.06459569383818593|0.06459569383818593
ITA1000120.txt|1.5|0.1236296837294678|0.1236296837294678
ITA1000142.txt|0.543209877|0.14191461394170768|0.14191461394170768
ITA1000185.txt|0.0|0.06366345082313021|0.06366345082313021
ITA1000186.txt|7.4e-17|0.11185052096910547|0.11185052096910547
ITA1000206.txt|0.099337748|0.03457861525356924|0.03457861525356924
ITA1000215.txt|1.018867925|0.14096514932731988|0.14096514932731988
ITA1000225.txt|0.631568704|0.1139089989418762|0.1139089989418762
ITA1000259.txt|0.034883721|0.1312193104706333|0.1312193104706333
ITA1000290.txt|-1.30183727|0.1345410920836491|0.1345410920836491
ITA1000332.txt|-0.45959596|0.058922506944122516|0.058922506944122516
ITA1000342.txt|1.716359576|0.09621431253927105|0.09621431253927105
ITA1000399.txt|-0.059055118|0.14276800926299746|0.14276800926299746
ITA1000402.txt|-0.525|0.12426454274007137|0.12426454274007137
ITA1000469.txt|0.126168224|0.06543323639682727|0.06543323639682727
ITA1000485.txt|-0.028648975|0.11504101581082322|0.11504101581082322
ITA1000505.txt|-0.7|0.011069756023242752|0.011069756023242752
ITA1000520.txt|-0.25|0.1407236945012507|0.1407236945012507
ITA1000552.txt|-0.405797101|0.19276380426395245|0.19276380426395245
ITA1000569.txt|0.027276557|0.09429262830812354|0.09429262830812354
ITA1000593.txt|0.482934897|0.06580497648308065|0.06580497648308065
ITA1000630.txt|0.277777778|0.08493580288740016|0.08493580288740016
ITA1000635.txt|0.0|0.092894787469582|0.092894787469582
ITA1000724.txt|-0.478263422|0.08870026281873707|0.08870026281873707
ITA1000775.txt|1.395776019|0.44973118759984093|0.44973118759984093
ITA1000834.txt|-0.843467543|0.11198551846208422|0.11198551846208422
ITA1000838.txt|-1.230832219|0.10140667505296841|0.10140667505296841
ITA1000846.txt|1.118483412|0.057544727226603504|0.057544727226603504
ITA1000946.txt|0.235125448|0.059713104703520106|0.059713104703520106
ITA1000989.txt|-1.198312236|0.11614410862659395|0.11614410862659395
ITA1001067.txt|0.063231577|0.10606199475534323|0.10606199475534323
ITA1001155.txt|0.251387964|-0.02535040613048755|0.02535040613048755
ITA1001183.txt|-1.248463565|0.09640389019097417|0.09640389019097417
ITA1001193.txt|-0.439716312|0.12974717928330398|0.12974717928330398
ITA1001302.txt|0.100942127|0.055590142816540046|0.055590142816540046
ITA1001317.txt|-0.887323944|0.026939284947793275|0.026939284947793275
ITA1001333.txt|-0.496368803|0.15912779747800623|0.15912779747800623
ITA1001368.txt|-0.215384615|0.05352638757061471|0.05352638757061471
ITA1001370.txt|0.066006601|0.08200282260798722|0.08200282260798722
ITA1001386.txt|1.195530726|0.07835324132415733|0.07835324132415733
ITA1001401.txt|0.263872491|0.11560124141770514|0.11560124141770514
ITA1001445.txt|-0.118811881|0.15293371827544588|0.15293371827544588
ITA1001524.txt|0.213363693|0.07909467111571201|0.07909467111571201
ITA1001561.txt|0.666666667|0.025230985516274944|0.025230985516274944
ITA1001605.txt|0.890255746|0.09896955729763078|0.09896955729763078
ITA1001677.txt|0.474617737|-0.07022238891998125|0.07022238891998125
ITA1001717.txt|-0.659333142|0.1443624546576187|0.1443624546576187
ITA1001740.txt|-0.419047619|0.05906110961725211|0.05906110961725211
ITA1001772.txt|0.315789474|0.06931806638894888|0.06931806638894888
ITA1001776.txt|2.67e-15|0.001874827480856123|0.001874827480856123
ITA1001778.txt|-0.486187845|0.08458301611250944|0.08458301611250944
ITA1001821.txt|0.43756691|0.09217198190008496|0.09217198190008496
ITA1001823.txt|0.933333333|0.0502509166881278|0.0502509166881278
ITA1001825.txt|0.344811113|0.08279399846778919|0.08279399846778919
ITA1001826.txt|0.678647515|0.05436509522956649|0.05436509522956649
ITA1001828.txt|-1.006802721|0.10251085283117407|0.10251085283117407
ITA1001840.txt|-0.492631533|0.07920977671979486|0.07920977671979486
ITA1001867.txt|1.448225923|0.08180764278762888|0.08180764278762888
ITA1001907.txt|0.271286804|0.12091133240043574|0.12091133240043574
ITA1001930.txt|-0.178571429|0.04496282231579363|0.04496282231579363
ITA1001989.txt|0.545454545|0.11354423361448486|0.11354423361448486
ITA1001990.txt|-0.53030303|0.04968187666638995|0.04968187666638995
ITA1002005.txt|1.575757576|0.08145949759994923|0.08145949759994923
ITA1002163.txt|0.802494802|0.1545267081230676|0.1545267081230676
ITA1002174.txt|0.425531915|0.14597272472398076|0.14597272472398076
ITA1002179.txt|0.139159405|0.09937209758947482|0.09937209758947482
ITA1002197.txt|-0.007905138|0.010576250321473465|0.010576250321473465
ITA1002244.txt|-0.666666667|0.12495303071892101|0.12495303071892101
ITA1002255.txt|-0.045858294|0.05788267506073996|0.05788267506073996
ITA1002297.txt|-0.71942446|0.027533410929454858|0.027533410929454858
ITA1002330.txt|-0.024793388|0.02617585167328033|0.02617585167328033
ITA1002378.txt|-0.105820106|0.13907347594549269|0.13907347594549269
ITA1002425.txt|-0.8|0.12717646985321698|0.12717646985321698
ITA1002436.txt|-1.472|0.0014959036843342093|0.0014959036843342093
ITA1002449.txt|1.05|-0.016924270728787456|0.016924270728787456
ITA1002454.txt|0.087878788|0.07540367750899037|0.07540367750899037
ITA1002496.txt|0.248267171|0.1334215134670843|0.1334215134670843
ITA1002517.txt|2.25|0.0992054254232012|0.0992054254232012
ITA1002574.txt|-0.086206897|0.12479078997451656|0.12479078997451656
ITA1002592.txt|0.0|0.17722631293112825|0.17722631293112825
ITA1002643.txt|0.857142857|0.024492814751120487|0.024492814751120487
ITA1002680.txt|-0.476226575|0.05582674750420758|0.05582674750420758
ITA1002710.txt|1.499927185|0.1260289485022656|0.1260289485022656
ITA1002740.txt|-0.317010309|0.044911771533905076|0.044911771533905076
ITA1002918.txt|0.216494845|0.12407672692427216|0.12407672692427216
ITA1002921.txt|-0.584063893|0.12536926049708555|0.12536926049708555
ITA1002959.txt|-1.6|0.1384589214915569|0.1384589214915569
ITA1002965.txt|-1.764705882|0.02491281586546038|0.02491281586546038
ITA1003131.txt|-0.060606061|0.13426925749770613|0.13426925749770613
ITA1003143.txt|0.384425451|0.0706588815398486|0.0706588815398486
ITA1003152.txt|2.020618557|-0.01154465943969356|0.01154465943969356
JPN1000396.txt|0.658989946|0.10305413738598528|0.10305413738598528
JPN1000503.txt|2.068907467|0.002036623888614764|0.002036623888614764
JPN1000540.txt|-1.025609542|0.06258505129748525|0.06258505129748525
JPN1000541.txt|0.755913915|0.09261520334620281|0.09261520334620281
JPN1000648.txt|-0.682296351|0.08480546639877704|0.08480546639877704
JPN1000662.txt|0.333744172|0.14433422431050233|0.14433422431050233
JPN1000796.txt|3.153731742|0.049130055166386605|0.049130055166386605
JPN1000810.txt|-1.023362911|0.07134472775788764|0.07134472775788764
JPN1000900.txt|0.68658395|0.06698013232280428|0.06698013232280428
JPN1000985.txt|-0.351267052|-0.05494484692473898|0.05494484692473898
JPN1001042.txt|-0.604770753|0.07186031378543237|0.07186031378543237
JPN1001215.txt|-1.078665954|0.0703004926961058|0.0703004926961058
JPN1001229.txt|0.688823646|0.024336641820292805|0.024336641820292805
JPN1001311.txt|0.466531754|0.13361566844089204|0.13361566844089204
JPN1001414.txt|0.447163848|0.00019862491826628907|0.00019862491826628907
JPN1001574.txt|1.316216534|0.11357081750984335|0.11357081750984335
JPN1001768.txt|0.180213471|0.10930673498587573|0.10930673498587573
JPN1001833.txt|-0.923605497|0.10257237248046228|0.10257237248046228
JPN1001856.txt|0.921209576|0.07048451102879093|0.07048451102879093
JPN1002061.txt|-0.009290676|0.06182149832853372|0.06182149832853372
JPN1002173.txt|0.373780968|0.08651432309064278|0.08651432309064278
JPN1002232.txt|-0.516559683|0.05888275361737928|0.05888275361737928
JPN1002496.txt|0.034138231|0.10730574113013289|0.10730574113013289
JPN1002593.txt|-0.471964609|0.15760623652842082|0.15760623652842082
JPN1002754.txt|0.020795629|0.14975119506740006|0.14975119506740006
JPN1002830.txt|0.837446494|0.07565427518998237|0.07565427518998237
JPN1002861.txt|1.361135583|0.08025621759233605|0.08025621759233605
JPN1002985.txt|-0.184524299|0.11190124338706366|0.11190124338706366
JPN1003130.txt|0.664963157|0.19173621780589048|0.19173621780589048
JPN1003386.txt|-0.58518497|-0.09275230580258273|0.09275230580258273
JPN1003438.txt|0.229854334|0.1549241572331879|0.1549241572331879
JPN1003545.txt|-0.580347587|-0.31249424415498606|0.31249424415498606
JPN1003569.txt|-0.569699961|-0.029388808726247585|0.029388808726247585
JPN1003699.txt|-1.039136302|0.06885292625981258|0.06885292625981258
JPN1003726.txt|0.420877255|0.048256274006215114|0.048256274006215114
JPN1003739.txt|-0.876811594|0.17209680663606655|0.17209680663606655
JPN1003774.txt|3.300500107|-0.002855877746612172|0.002855877746612172
JPN1003799.txt|-0.739079961|0.12817972299274075|0.12817972299274075
JPN1003817.txt|0.590420332|0.014296767671115568|0.014296767671115568
JPN1003854.txt|0.228875582|0.16433952864592613|0.16433952864592613
JPN1003880.txt|0.445311987|0.14829501828510894|0.14829501828510894
JPN1004269.txt|-0.006543967|0.15536260610797914|0.15536260610797914
JPN1004277.txt|2.687018875|0.17804935260724913|0.17804935260724913
JPN1004372.txt|2.554105263|0.025485668375521082|0.025485668375521082
JPN1004508.txt|-0.839219821|0.15259793164610108|0.15259793164610108
JPN1004525.txt|0.219169642|0.07462765714043544|0.07462765714043544
JPN1004620.txt|4.130048965|0.04308704023053053|0.04308704023053053
JPN1004641.txt|-0.927056088|0.16203115110522504|0.16203115110522504
JPN1004747.txt|0.235789474|0.17116586552637209|0.17116586552637209
JPN1004852.txt|0.946751343|0.11060190349590171|0.11060190349590171
JPN1004905.txt|-0.781526567|0.1546142489977177|0.1546142489977177
JPN1005017.txt|0.621582143|-0.10479773645601391|0.10479773645601391
JPN1005057.txt|-0.719033722|0.0658326113040329|0.0658326113040329
JPN1005109.txt|-1.034147557|0.04733937332804928|0.04733937332804928
JPN1005423.txt|0.18115942|0.15278631787637867|0.15278631787637867
JPN1005483.txt|-1.158310311|0.16093028044140506|0.16093028044140506
JPN1005490.txt|-0.760266866|-0.002726411266170633|0.002726411266170633
JPN1005493.txt|0.588239144|0.07480157288810899|0.07480157288810899
JPN1005516.txt|-0.621326616|0.11210381930627093|0.11210381930627093
JPN1005551.txt|-0.648045055|0.017438957261117105|0.017438957261117105
JPN1005564.txt|0.26369863|0.12409473267733435|0.12409473267733435
JPN1005581.txt|2.629048163|0.10928637903878721|0.10928637903878721
JPN1005624.txt|0.167564723|0.13269288060469459|0.13269288060469459
JPN1005691.txt|0.292951158|0.09256732458031239|0.09256732458031239
JPN1005721.txt|1.341921576|0.03619496691072204|0.03619496691072204
JPN1005734.txt|-0.581852642|0.169909348140117|0.169909348140117
JPN1005941.txt|-1.359580248|0.04175394401769746|0.04175394401769746
JPN1005943.txt|-0.711642948|0.0872173774847406|0.0872173774847406
JPN1005981.txt|-0.293591038|-0.08669525430964127|0.08669525430964127
JPN1006015.txt|0.052773376|0.060629765998896065|0.060629765998896065
JPN1006085.txt|0.89953271|0.02116901882316314|0.02116901882316314
JPN1006105.txt|-0.515274277|-0.06535987848102497|0.06535987848102497
JPN1006109.txt|-0.633765458|-0.30168056071153343|0.30168056071153343
JPN1006129.txt|-0.575408208|0.053745766086255066|0.053745766086255066
JPN1006171.txt|0.924221292|0.18318499229299906|0.18318499229299906
JPN1006392.txt|-0.696806|0.0026967055729267397|0.0026967055729267397
JPN1006595.txt|-0.451310064|0.12027564953078519|0.12027564953078519
JPN1006613.txt|-1.225308642|0.020123840784803112|0.020123840784803112
JPN1006749.txt|1.655052716|0.09214242736796192|0.09214242736796192
JPN1006814.txt|0.646957701|0.054145137220505|0.054145137220505
JPN1006831.txt|-0.359895457|0.2815351931628481|0.2815351931628481
JPN1006864.txt|0.160874498|-0.2611793997625138|0.2611793997625138
JPN1006875.txt|0.260631383|0.05115810049913695|0.05115810049913695
JPN1006931.txt|0.126315789|0.13315602644520216|0.13315602644520216
JPN1006945.txt|1.117525773|-0.1405729831475761|0.1405729831475761
JPN1006972.txt|-0.191570881|0.054448997246262315|0.054448997246262315
JPN1006975.txt|1.023607177|0.09466637606001622|0.09466637606001622
JPN1007093.txt|1.090319764|0.0349622340841686|0.0349622340841686
JPN1007115.txt|-0.111825193|0.18552260372241244|0.18552260372241244
JPN1007145.txt|-0.452898551|0.18535645024619063|0.18535645024619063
JPN1007217.txt|0.673559823|0.17520901987466705|0.17520901987466705
JPN1007351.txt|-0.059232701|0.02429159646564525|0.02429159646564525
JPN1007362.txt|-0.766092997|0.017901243761438486|0.017901243761438486
JPN1007386.txt|1.2183436|0.07493971836368873|0.07493971836368873
JPN1007403.txt|-0.690638405|0.16479943566018573|0.16479943566018573
JPN1007688.txt|-1.071186441|0.08056875072635389|0.08056875072635389
JPN1007696.txt|-0.456036983|0.0855291429793969|0.0855291429793969
JPN1007715.txt|-1.085420681|0.08688642172854771|0.08688642172854771
JPN1007742.txt|-1.102055984|0.04228154420879678|0.04228154420879678
JPN1007754.txt|-0.506142677|0.027673457898728045|0.027673457898728045
JPN1007763.txt|3.970037453|0.12163310730253968|0.12163310730253968
JPN1007978.txt|-1.111656442|0.12853064200002876|0.12853064200002876
JPN1007998.txt|-0.712702961|0.17980943813779846|0.17980943813779846
JPN1008054.txt|-0.921957011|0.11526973462896516|0.11526973462896516
JPN1008062.txt|-0.128531073|0.04830099700236461|0.04830099700236461
JPN1008157.txt|1.299880526|0.015581353447121428|0.015581353447121428
JPN1008609.txt|-1.019607843|0.024171911489775884|0.024171911489775884
JPN1008649.txt|0.051338467|0.04172888110673306|0.04172888110673306
JPN1008720.txt|-1.14|0.14364843600339017|0.14364843600339017
JPN1008808.txt|0.029349331|0.026020997125035257|0.026020997125035257
JPN1008849.txt|-0.83963964|0.037696574264309814|0.037696574264309814
JPN1008852.txt|0.0|0.005306881489197984|0.005306881489197984
JPN1008900.txt|-0.613271246|0.1204080258018269|0.1204080258018269
JPN1009059.txt|0.188454574|0.04769436343029045|0.04769436343029045
JPN1009076.txt|0.076346786|0.05946751841778897|0.05946751841778897
JPN1009163.txt|1.064357257|0.13504710567318062|0.13504710567318062
KOR1000011.txt|-1.223633429|0.03698496721469098|0.03698496721469098
KOR1000016.txt|-0.370565328|0.13174294374335266|0.13174294374335266
KOR1000035.txt|-0.791165852|-0.013582635393249415|0.013582635393249415
KOR1000061.txt|1.236911988|-0.03164457159360023|0.03164457159360023
KOR1000160.txt|1.958372676|-0.0027397719269527526|0.0027397719269527526
KOR1000161.txt|1.045493032|0.007115731431393431|0.007115731431393431
KOR1000278.txt|0.21619537|0.0519242769488045|0.0519242769488045
KOR1000336.txt|-0.749530845|-0.08225857302975702|0.08225857302975702
KOR1000357.txt|-1.194725104|0.08764100993486083|0.08764100993486083
KOR1000368.txt|-1.155691156|0.01579568787327716|0.01579568787327716
KOR1000375.txt|-1.043311591|-0.04947227637378302|0.04947227637378302
KOR1000380.txt|-1.366710568|0.0529678395179909|0.0529678395179909
KOR1000385.txt|0.468331049|-0.054395808585211744|0.054395808585211744
KOR1000404.txt|-0.132739022|-0.000578311921368519|0.000578311921368519
KOR1000435.txt|0.710388251|0.017742842676831135|0.017742842676831135
KOR1000451.txt|0.652716976|-0.028040424450707892|0.028040424450707892
KOR1000456.txt|-0.510668424|0.04186612815928998|0.04186612815928998
KOR1000476.txt|0.554937329|0.06344332546947717|0.06344332546947717
KOR1000479.txt|0.574572842|-0.06348973769687442|0.06348973769687442
KOR1000480.txt|0.382013272|-0.02017299196373087|0.02017299196373087
KOR1000506.txt|0.384314984|0.04178066453248174|0.04178066453248174
KOR1000507.txt|-0.063450728|-0.01921902496719917|0.01921902496719917
KOR1000518.txt|0.780538799|-0.045626103305020156|0.045626103305020156
KOR1000530.txt|-0.422920444|-0.015688523278300563|0.015688523278300563
KOR1000554.txt|-0.349902312|-0.030890322402277837|0.030890322402277837
KOR1000571.txt|0.000491682|0.03701628324628369|0.03701628324628369
KOR1000575.txt|1.357877503|-0.07586721890510317|0.07586721890510317
KOR1000580.txt|-0.204555772|-0.07390779160721131|0.07390779160721131
KOR1000613.txt|-0.20584963|0.020349405993162147|0.020349405993162147
KOR1000630.txt|-0.680472837|0.0005253480380525875|0.0005253480380525875
KOR1000645.txt|0.348168711|-0.004438658347381797|0.004438658347381797
KOR1000650.txt|-0.119466765|-0.027157610580277484|0.027157610580277484
KOR1000653.txt|-0.486744914|-0.05793914841579779|0.05793914841579779
KOR1000664.txt|-0.228629387|-0.09084375969405717|0.09084375969405717
MEX1000028.txt|-0.900102634|0.13896229603348975|0.13896229603348975
MEX1000075.txt|1.153846154|0.12304273318489758|0.12304273318489758
MEX1000207.txt|-1.1|0.16213722661015362|0.16213722661015362
MEX1000264.txt|0.38974359|0.15057303926334614|0.15057303926334614
MEX1000322.txt|-0.244668911|0.13928822773257424|0.13928822773257424
MEX1000331.txt|-0.709585815|0.018037659101897786|0.018037659101897786
MEX1000443.txt|-0.855263158|-0.08312497121214822|0.08312497121214822
MEX1000545.txt|-0.046023415|0.15685371466574102|0.15685371466574102
MEX1000650.txt|1.323243243|0.16878200341233743|0.16878200341233743
NLD1000341.txt|1.5|0.07476187716185465|0.07476187716185465
NLD1000359.txt|-1.775|0.14643157651958377|0.14643157651958377
NLD1000435.txt|0.54519561|0.13509120669960878|0.13509120669960878
NLD1000590.txt|-0.521111111|0.07605699057929544|0.07605699057929544
NLD1000668.txt|1.005882353|0.11519147772536178|0.11519147772536178
NLD1000730.txt|-1.411764706|0.04464371561131088|0.04464371561131088
NLD1000800.txt|-0.357941834|0.029869661908122003|0.029869661908122003
NLD1000826.txt|-1.025641026|0.07594525091233513|0.07594525091233513
NLD1000860.txt|-0.611111111|0.01749343118802725|0.01749343118802725
NLD1001029.txt|-1.495126706|0.020046626506164962|0.020046626506164962
NLD1001048.txt|-0.616966581|0.018301485096639473|0.018301485096639473
NLD1001089.txt|-0.62533959|0.14341430122136045|0.14341430122136045
NLD1001104.txt|-2.194460813|-0.0013739128058057309|0.0013739128058057309
NLD1001170.txt|-1.097087937|0.09022673736139092|0.09022673736139092
NLD1001243.txt|-0.936403509|0.10065223253384797|0.10065223253384797
NLD1001259.txt|-0.909542744|0.021130642220794662|0.021130642220794662
NLD1001289.txt|-0.332674572|0.10467398870405833|0.10467398870405833
NLD1001306.txt|-1.0|-0.017516149711224574|0.017516149711224574
NLD1001364.txt|0.107142857|-0.04324225649520707|0.04324225649520707
NLD1001398.txt|-0.720338983|0.0705018334905983|0.0705018334905983
NLD1001404.txt|-1.176980198|0.07715484467671216|0.07715484467671216
NLD1001407.txt|-0.153212521|-0.03238105483660517|0.03238105483660517
NLD1001471.txt|-0.446353969|-0.0012241648284736799|0.0012241648284736799
NLD1001485.txt|-1.633608738|0.1506543179381815|0.1506543179381815
NLD1001505.txt|0.540609137|0.09927312506579225|0.09927312506579225
NLD1001512.txt|1.333333333|0.06540005673825183|0.06540005673825183
NLD1001517.txt|-0.414028144|0.13637109232408165|0.13637109232408165
NLD1001522.txt|0.159836066|0.026979018782245033|0.026979018782245033
NLD1001545.txt|-1.25|-0.08539923198319713|0.08539923198319713
NLD1001555.txt|-1.052631579|0.06484549958733594|0.06484549958733594
NLD1001584.txt|-0.280264177|0.15038639435561646|0.15038639435561646
NLD1001602.txt|0.358099021|-0.012063705870091233|0.012063705870091233
NLD1001615.txt|1.359848147|-0.007301522446996973|0.007301522446996973
NLD1001654.txt|-0.071296296|0.018956987595633745|0.018956987595633745
NLD1001674.txt|0.932330475|0.08640005212704252|0.08640005212704252
NLD1001698.txt|-1.25|0.08962280255513738|0.08962280255513738
NLD1001806.txt|-0.367858857|0.07656251669239306|0.07656251669239306
NLD1001844.txt|-0.952970297|-0.14335583990880493|0.14335583990880493
NLD1001892.txt|1.159056998|0.0631297875256623|0.0631297875256623
NLD1001914.txt|1.759259259|0.007008572172958355|0.007008572172958355
NLD1001926.txt|-0.168776371|-0.0034248476737760974|0.0034248476737760974
NLD1002089.txt|1.057471264|0.06533287174717542|0.06533287174717542
NLD1002097.txt|-0.01714135|0.13663091865182309|0.13663091865182309
NLD1002162.txt|-0.919871795|0.025150409439574136|0.025150409439574136
NLD1002227.txt|1.516483516|0.09882615365975911|0.09882615365975911
NLD1002246.txt|0.609471065|-0.48254473073476206|0.48254473073476206
NLD1002324.txt|-0.302437223|0.05944495690389155|0.05944495690389155
NLD1002385.txt|-0.759934501|0.0357540573607984|0.0357540573607984
NLD1002500.txt|-1.2|0.07919867207549036|0.07919867207549036
NLD1002576.txt|2.0|0.030309733050396453|0.030309733050396453
NOR1000226.txt|-0.190812721|0.11116127649084012|0.11116127649084012
NOR1000287.txt|0.623912482|-0.006937413482788431|0.006937413482788431
NOR1000302.txt|-0.797687861|0.00952965283363152|0.00952965283363152
NOR1000491.txt|-2.745746921|0.002605241840716633|0.002605241840716633
NOR1000533.txt|-0.708074534|-0.2531404957392605|0.2531404957392605
NOR1000578.txt|-0.957967572|0.09567324494763602|0.09567324494763602
NOR1000974.txt|-0.175807241|-0.03598045879211503|0.03598045879211503
NOR1001592.txt|0.612454212|-0.03508789715725998|0.03508789715725998
NOR1001651.txt|1.397260274|-0.041979655966235215|0.041979655966235215
NOR1001682.txt|-0.928484464|-0.2695651464827012|0.2695651464827012
NOR1001811.txt|-0.322110155|-0.0891898586866946|0.0891898586866946
NOR1001831.txt|-0.924478089|0.08172805936935766|0.08172805936935766
NOR1001894.txt|-0.191990142|-0.1275467517700235|0.1275467517700235
NOR1001928.txt|0.886597938|-0.20125068320808118|0.20125068320808118
NOR1001979.txt|-0.96364408|0.04365659910030137|0.04365659910030137
NOR1001984.txt|0.628930818|0.048976424852100776|0.048976424852100776
NOR1001988.txt|-0.622853938|-0.12960385070134686|0.12960385070134686
NOR1002068.txt|-0.698495749|0.16484700609293812|0.16484700609293812
NOR1002287.txt|-1.342105263|0.06692139309947912|0.06692139309947912
NOR1002292.txt|1.333302356|-0.15626874070517804|0.15626874070517804
NZL1000109.txt|6.96e-18|0.03695049796496159|0.03695049796496159
NZL1000218.txt|1.2|0.10750201421628856|0.10750201421628856
NZL1000295.txt|0.428571429|0.1363238790103722|0.1363238790103722
NZL1000307.txt|-1.5|0.034507800302365735|0.034507800302365735
NZL1000410.txt|1.041322314|0.03891217033250105|0.03891217033250105
NZL1000505.txt|0.411347518|0.18963607801707016|0.18963607801707016
NZL1000567.txt|1.145907473|0.07865259797095683|0.07865259797095683
NZL1000618.txt|0.661290323|0.12271029618601734|0.12271029618601734
NZL1000622.txt|0.901812689|-0.4627744832963445|0.4627744832963445
NZL1000627.txt|-0.387096774|0.17442249038868057|0.17442249038868057
NZL1000680.txt|0.383631714|0.08611567564528803|0.08611567564528803
NZL1000851.txt|-0.08|0.04057576846618617|0.04057576846618617
NZL1000897.txt|0.41221374|0.10516887222336137|0.10516887222336137
NZL1000952.txt|1.174496644|-0.0407229020480679|0.0407229020480679
NZL1001067.txt|-0.5|0.0653789090402321|0.0653789090402321
NZL1001098.txt|1.403726708|-0.2650975272762812|0.2650975272762812
NZL1001133.txt|0.039296407|0.05128983931007799|0.05128983931007799
NZL1001137.txt|-0.266666667|0.03467657220089628|0.03467657220089628
NZL1001188.txt|0.824972505|-0.014384716116852604|0.014384716116852604
NZL1001235.txt|-0.886363636|-0.0037034475014504986|0.0037034475014504986
NZL1001284.txt|-0.162162162|0.04376104755145696|0.04376104755145696
NZL1001306.txt|0.145927602|0.04053933910480277|0.04053933910480277
NZL1001381.txt|-0.465189873|-0.10869682843496942|0.10869682843496942
NZL1001582.txt|-0.894|0.0514416152275336|0.0514416152275336
NZL1001590.txt|0.12|-0.055826288987623235|0.055826288987623235
PHL1001233.txt|0.475213675|0.09992502947422191|0.09992502947422191
PHL1001270.txt|0.892421603|0.1289268692673608|0.1289268692673608
PHL1001390.txt|-1.955416153|0.08805827314641414|0.08805827314641414
PHL1001595.txt|1.431254307|0.09702475327841899|0.09702475327841899
PHL1001734.txt|1.59375|-0.06418982661892722|0.06418982661892722
PHL1001736.txt|1.497220678|0.23362350208592667|0.23362350208592667
PHL1001944.txt|0.193059143|0.22542634174443751|0.22542634174443751
PHL1001993.txt|0.122460288|0.12265867735227248|0.12265867735227248
PHL1002046.txt|0.68852459|-0.08653475745435946|0.08653475745435946
PHL1002053.txt|1.903485255|0.14779585090138644|0.14779585090138644
PRT1000517.txt|-0.819875776|-0.00781860112123111|0.00781860112123111
PRT1000519.txt|-1.068396226|0.037248359286045314|0.037248359286045314
SGP1000304.txt|-0.872727273|-0.7109033331500842|0.7109033331500842
SGP1001339.txt|1.017857143|-0.035574050142221494|0.035574050142221494
SGP1001476.txt|0.164383562|0.1597282940335177|0.1597282940335177
SGP1001511.txt|-2.17791411|-0.7145634952160862|0.7145634952160862
SGP1002164.txt|-1.515151515|-0.05421404180846362|0.05421404180846362
SGP1002862.txt|-1.586885246|-0.4481897690126624|0.4481897690126624
SGP1002888.txt|-2.289473684|-0.6789954113699541|0.6789954113699541
SGP1003246.txt|-3.176571921|-0.7518490963726664|0.7518490963726664
SGP1004544.txt|-0.248415716|-0.6852971682753989|0.6852971682753989
SGP1005330.txt|0.012583893|0.11639966918431699|0.11639966918431699
SGP1006427.txt|0.749065615|-0.0020646131571304873|0.0020646131571304873
SGP1006525.txt|-1.188021766|0.0029252187627482693|0.0029252187627482693
SGP1007192.txt|-0.038377193|0.03989923216042461|0.03989923216042461
SGP1007354.txt|0.050768203|0.2359660475988785|0.2359660475988785
SGP1007607.txt|-0.416296296|-0.01748617214870195|0.01748617214870195
SGP1007908.txt|-0.214876033|0.13195677021913035|0.13195677021913035
SGP1007916.txt|0.024945175|-0.23773198207897892|0.23773198207897892
SGP1007981.txt|-0.364583333|-0.2763368693845484|0.2763368693845484
SGP1008075.txt|0.024187141|-0.0995215500733154|0.0995215500733154
SGP1008123.txt|1.5|-0.06974221682139582|0.06974221682139582
SGP1008189.txt|-0.100362757|-0.13839973844479536|0.13839973844479536
SGP1008377.txt|-0.748865356|0.10197079324734515|0.10197079324734515
SGP1008381.txt|0.361425716|-0.24838157402310754|0.24838157402310754
SGP1008410.txt|0.186131387|0.01948392456160143|0.01948392456160143
SGP1008437.txt|0.537305469|0.015191997483392556|0.015191997483392556
SGP1008438.txt|-0.236804901|0.03865208201604293|0.03865208201604293
SGP1008486.txt|1.33255814|-0.011433100854299088|0.011433100854299088
SGP1008527.txt|0.52733564|-0.0013398707039704106|0.0013398707039704106
SGP1008586.txt|0.353828793|-0.01638475636418326|0.01638475636418326
SGP1008630.txt|-0.888888889|0.01209588563958511|0.01209588563958511
SGP1008668.txt|0.975728155|-0.012669878026700793|0.012669878026700793
SGP1008670.txt|-1.153153153|-0.09108852714775059|0.09108852714775059
SGP1008674.txt|1.25|0.04945426015843875|0.04945426015843875
SGP1008677.txt|0.462585034|-0.022729392138924893|0.022729392138924893
SGP1008681.txt|-0.366462011|-0.0031569080033121977|0.0031569080033121977
SGP1008693.txt|0.366285939|-0.126952543415697|0.126952543415697
SGP1008711.txt|-0.552832244|-0.11357221773802459|0.11357221773802459
SWE1000132.txt|-0.552875696|0.12779442401510768|0.12779442401510768
SWE1000150.txt|0.308551992|0.00657386123003596|0.00657386123003596
SWE1000172.txt|-0.594626032|0.0495437679544708|0.0495437679544708
SWE1000197.txt|0.355140187|0.11914231083809379|0.11914231083809379
SWE1000355.txt|0.686116284|0.0036214702437171765|0.0036214702437171765
SWE1000449.txt|0.136340952|0.10732458557196915|0.10732458557196915
SWE1000489.txt|0.869128219|0.08029581666222582|0.08029581666222582
SWE1000631.txt|0.301075269|-0.06101081384849329|0.06101081384849329
SWE1000679.txt|-0.465951584|0.07089772867556422|0.07089772867556422
SWE1000821.txt|0.816482412|0.03758786317618763|0.03758786317618763
SWE1001369.txt|-0.133781559|0.1260346443045537|0.1260346443045537
SWE1001372.txt|-1.399328859|0.0628810790034016|0.0628810790034016
SWE1001401.txt|-1.199985622|-0.020142433298560823|0.020142433298560823
SWE1001420.txt|0.351027397|0.08173552198044198|0.08173552198044198
SWE1001438.txt|0.883561644|0.039750772015884554|0.039750772015884554
SWE1001498.txt|0.36849711|0.0833543316740238|0.0833543316740238
SWE1001542.txt|-0.843131091|0.1050958323406084|0.1050958323406084
SWE1001655.txt|0.558139535|0.12139276639535869|0.12139276639535869
SWE1001673.txt|1.297297297|0.07763458266746602|0.07763458266746602
SWE1001679.txt|-1.147310397|0.07418835880931743|0.07418835880931743
SWE1001696.txt|-0.042352941|0.16980359561152097|0.16980359561152097
SWE1001705.txt|0.243714561|0.17731052018207782|0.17731052018207782
SWE1001755.txt|-0.241935484|0.13177564787332907|0.13177564787332907
SWE1002186.txt|0.246575342|0.13354263783709822|0.13354263783709822
SWE1002211.txt|-1.872340426|0.15778693396762586|0.15778693396762586
SWE1002381.txt|-1.597227473|0.07820050146059568|0.07820050146059568
SWE1002387.txt|1.663551402|0.04287400821009234|0.04287400821009234
SWE1002489.txt|0.143453742|0.07421712922635085|0.07421712922635085
SWE1002524.txt|-0.22450794|0.09413831866502675|0.09413831866502675
SWE1002560.txt|2.383248731|0.10875080634391046|0.10875080634391046
SWE1002692.txt|-0.107042254|0.09625034502148219|0.09625034502148219
SWE1002733.txt|-1.034161491|0.1254604036981584|0.1254604036981584
SWE1002751.txt|1.067899842|0.050342574819440725|0.050342574819440725
SWE1002754.txt|0.322543348|0.02740179870447178|0.02740179870447178
SWE1002775.txt|1.416149068|0.13070537901749305|0.13070537901749305
SWE1002840.txt|0.527472527|0.09244315942456681|0.09244315942456681
SWE1002911.txt|-0.630681818|-0.0007828453966210532|0.0007828453966210532
SWE1003027.txt|-0.461658319|0.06739709928318408|0.06739709928318408
SWE1003053.txt|0.0|0.12381610033517801|0.12381610033517801
SWE1003582.txt|0.810810811|0.09721873367226191|0.09721873367226191
SWE1003649.txt|-0.563583815|0.050727470655696695|0.050727470655696695
THA1000495.txt|1.240377213|-0.04536410814181611|0.04536410814181611
THA1000564.txt|0.6|0.04084214628255948|0.04084214628255948
THA1000621.txt|1.489485981|0.026333240619819877|0.026333240619819877
THA1000737.txt|0.169121962|0.03628153248910977|0.03628153248910977
THA1001546.txt|-1.340746055|0.0004409538202960646|0.0004409538202960646
THA1001643.txt|-0.181818182|0.027060765852016062|0.027060765852016062
THA1002176.txt|0.788210282|-0.024801872643962677|0.024801872643962677
THA1002193.txt|-1.047619048|-0.03235966444852299|0.03235966444852299
THA1002339.txt|-0.335806697|0.05046284989230022|0.05046284989230022
THA1002434.txt|-0.599170124|0.03245148817443005|0.03245148817443005
THA1002452.txt|0.619349266|-0.009414491834849298|0.009414491834849298
THA1002464.txt|-0.022102861|-0.04056441005890342|0.04056441005890342
THA1002717.txt|1.478391357|0.003576028816494373|0.003576028816494373
THA1002956.txt|-0.857476636|0.06020410674224828|0.06020410674224828
THA1003158.txt|-0.890413432|-0.012103395248065849|0.012103395248065849
THA1003245.txt|-0.690557554|-0.08793173140531312|0.08793173140531312
THA1003279.txt|0.046035806|-0.0007114625094449267|0.0007114625094449267
THA1003291.txt|-0.203448276|0.1097570149007835|0.1097570149007835
THA1003451.txt|1.101982667|0.08919907971628263|0.08919907971628263
THA1003730.txt|-1.5|-0.03106844175305951|0.03106844175305951
THA1003815.txt|0.161808058|-0.0456060015402228|0.0456060015402228
THA1003938.txt|-0.599392072|0.03361409828042481|0.03361409828042481
THA1004162.txt|0.451746529|0.09944245627312093|0.09944245627312093
THA1004181.txt|-0.632938644|-0.061557438615203706|0.061557438615203706
THA1004197.txt|-0.258438287|-0.014564786581683756|0.014564786581683756
THA1004295.txt|-0.721970803|0.051101543597538664|0.051101543597538664
THA1004322.txt|1.584473808|-0.01526942671144026|0.01526942671144026
THA1004324.txt|0.861698183|-0.05363280734936214|0.05363280734936214
THA1004338.txt|-0.277638819|-0.1409590198039977|0.1409590198039977
THA1004514.txt|-0.265377669|0.03509459922096576|0.03509459922096576
THA1004537.txt|-0.177537777|0.02990698801095128|0.02990698801095128
THA1004835.txt|0.030723991|0.04244849450919566|0.04244849450919566
THA1004974.txt|-0.062230278|0.11652743402841062|0.11652743402841062
THA1004988.txt|0.009463722|-0.00403498906523235|0.00403498906523235
THA1005276.txt|-0.194387406|0.030988220284099456|0.030988220284099456
THA1005285.txt|-0.261105276|0.024504293662363077|0.024504293662363077
THA1005301.txt|-2.344536305|-0.08641480216376099|0.08641480216376099
THA1005303.txt|-0.527222198|0.015905907061934364|0.015905907061934364
TUR1000147.txt|-0.25|0.07138701999703839|0.07138701999703839
TUR1000157.txt|-0.357142857|-0.14635800852736522|0.14635800852736522
TUR1000164.txt|0.4|0.06963089872765905|0.06963089872765905
TUR1000458.txt|1.0|0.12486677933897668|0.12486677933897668
TUR1000559.txt|1.313486927|0.04102311110389111|0.04102311110389111
TUR1000919.txt|0.284237726|0.013374128080011384|0.013374128080011384
TUR1000966.txt|0.651445967|0.1318652390006019|0.1318652390006019
TUR1001114.txt|1.990543735|0.09307812730686199|0.09307812730686199
TWN1000563.txt|0.973917752|0.05888033380239979|0.05888033380239979
TWN1000580.txt|0.0089925|0.02897933055389225|0.02897933055389225
TWN1000614.txt|-0.368946506|0.09015285705018146|0.09015285705018146
ZAF1000222.txt|0.454352442|-0.08649206212435356|0.08649206212435356
ZAF1000405.txt|0.975683891|0.08703747413973102|0.08703747413973102
ZAF1000535.txt|-0.768472906|0.1230600668705181|0.1230600668705181
ZAF1001503.txt|0.172413793|0.023379165006457238|0.023379165006457238
ZAF1001637.txt|-0.855305466|-0.0009205079127044269|0.0009205079127044269
ZAF1001689.txt|0.857142857|-0.06590376592807665|0.06590376592807665
ZAF1001918.txt|1.888888889|0.04911038708387938|0.04911038708387938
ZAF1001934.txt|-0.454647256|0.009978094962487248|0.009978094962487248
ZAF1001997.txt|-1.263157895|-0.020016408727729314|0.020016408727729314
ZAF1002226.txt|0.493150685|-0.06130890468261903|0.06130890468261903
ZAF1002400.txt|0.947368421|0.05197612210680335|0.05197612210680335
ZAF1002506.txt|0.54676259|0.046648861676648806|0.046648861676648806
ZAF1002623.txt|0.508605852|-0.07290887756062256|0.07290887756062256
ZAF1002792.txt|-1.340026333|-0.0012719151929271744|0.0012719151929271744
ZAF1002803.txt|-0.298521017|0.08905685857151405|0.08905685857151405
ZAF1002999.txt|1.2|0.08147242464844358|0.08147242464844358
ZAF1003076.txt|0.070779601|0.05395235804616586|0.05395235804616586
ZAF1003174.txt|-0.155127082|0.07774967209309303|0.07774967209309303
ZAF1003393.txt|1.485714286|0.06357782535980329|0.06357782535980329
ZAF1003457.txt|-1.955927052|-0.035190532757014725|0.035190532757014725
